Linux 4.18.0-240.22.1.el8_3.x86_64 (k8s3) 	05/09/21 	_x86_64_	(2 CPU)

05/09/21 13:07:14
avg-cpu:  %user   %nice %system %iowait  %steal   %idle
           2.02    0.02    0.35    0.00    0.08    0.00

Device            r/s     w/s     rkB/s     wkB/s   rrqm/s   wrqm/s  %rrqm  %wrqm r_await w_await aqu-sz rareq-sz wareq-sz  svctm  %util
vda              0.00    0.42      0.00      3.32     0.00     0.05   0.00  10.71    0.00  129.00   0.05     0.00     7.96  27.76   1.16
vdb              0.00    4.52      0.00   3977.65     0.00     0.10   0.00   2.17    0.00  197.39   0.89     0.00   880.66   9.79   4.42
vdc              0.00    0.00      0.00      0.00     0.00     0.00   0.00   0.00    0.00    0.00   0.00     0.00     0.00   0.00   0.00
dm-0             0.00    0.47      0.00      3.67     0.00     0.00   0.00   0.00    0.00  135.86   0.06     0.00     7.88  24.79   1.16
dm-1             0.00    0.00      0.00      0.00     0.00     0.00   0.00   0.00    0.00    0.00   0.00     0.00     0.00   0.00   0.00
dm-2             0.00    2.65      0.00   3978.61     0.00     0.00   0.00   0.00    0.00  201.49   0.53     0.00  1501.36  16.59   4.40
dm-3             0.00    0.00      0.00      0.00     0.00     0.00   0.00   0.00    0.00    0.00   0.00     0.00     0.00   0.00   0.00

05/09/21 13:08:14
avg-cpu:  %user   %nice %system %iowait  %steal   %idle
          82.48    0.02   14.32    0.00    3.18    0.00

Device            r/s     w/s     rkB/s     wkB/s   rrqm/s   wrqm/s  %rrqm  %wrqm r_await w_await aqu-sz rareq-sz wareq-sz  svctm  %util
vda              0.00    0.38      0.00      2.93     0.00     0.07   0.00  14.81    0.00  205.04   0.08     0.00     7.65  24.48   0.94
vdb              0.00    4.02      0.00   3549.65     0.00     0.13   0.00   3.21    0.00  103.19   0.41     0.00   883.73   7.32   2.94
vdc              0.00    0.00      0.00      0.00     0.00     0.00   0.00   0.00    0.00    0.00   0.00     0.00     0.00   0.00   0.00
dm-0             0.00    0.45      0.00      3.03     0.00     0.00   0.00   0.00    0.00  214.56   0.10     0.00     6.74  20.81   0.94
dm-1             0.00    0.00      0.00      0.00     0.00     0.00   0.00   0.00    0.00    0.00   0.00     0.00     0.00   0.00   0.00
dm-2             0.00    2.25      0.00   3550.61     0.00     0.00   0.00   0.00    0.00  120.32   0.27     0.00  1578.05  12.86   2.89
dm-3             0.00    0.00      0.00      0.00     0.00     0.00   0.00   0.00    0.00    0.00   0.00     0.00     0.00   0.00   0.00

05/09/21 13:09:14
avg-cpu:  %user   %nice %system %iowait  %steal   %idle
          82.91    0.02   13.79    0.00    3.28    0.00

Device            r/s     w/s     rkB/s     wkB/s   rrqm/s   wrqm/s  %rrqm  %wrqm r_await w_await aqu-sz rareq-sz wareq-sz  svctm  %util
vda              0.00    0.12      0.00      0.37     0.00     0.00   0.00   0.00    0.00   80.57   0.01     0.00     3.14  47.71   0.56
vdb              0.12    6.88      1.40   5985.01     0.00     0.03   0.00   0.48   81.14  175.22   1.21    12.00   869.49   8.58   6.01
vdc              0.00    0.00      0.00      0.00     0.00     0.00   0.00   0.00    0.00    0.00   0.00     0.00     0.00   0.00   0.00
dm-0             0.00    0.12      0.00      0.47     0.00     0.00   0.00   0.00    0.00   80.14   0.01     0.00     4.00  47.71   0.56
dm-1             0.00    0.00      0.00      0.00     0.00     0.00   0.00   0.00    0.00    0.00   0.00     0.00     0.00   0.00   0.00
dm-2             0.12    3.30      1.40   5986.27     0.00     0.00   0.00   0.00   81.00  185.06   0.62    12.00  1814.02  17.44   5.96
dm-3             0.00    0.00      0.00      0.00     0.00     0.00   0.00   0.00    0.00    0.00   0.00     0.00     0.00   0.00   0.00

05/09/21 13:10:14
avg-cpu:  %user   %nice %system %iowait  %steal   %idle
          82.69    0.01   13.68    0.00    3.62    0.00

Device            r/s     w/s     rkB/s     wkB/s   rrqm/s   wrqm/s  %rrqm  %wrqm r_await w_await aqu-sz rareq-sz wareq-sz  svctm  %util
vda              0.00    0.13      0.00      0.51     0.00     0.00   0.00   0.00    0.00   50.25   0.01     0.00     3.81  46.12   0.61
vdb              0.00    5.68      0.00   4472.75     0.00     0.02   0.00   0.29    0.00   62.48   0.35     0.00   786.99   7.68   4.36
vdc              0.00    0.00      0.00      0.00     0.00     0.00   0.00   0.00    0.00    0.00   0.00     0.00     0.00   0.00   0.00
dm-0             0.00    0.13      0.00      0.62     0.00     0.00   0.00   0.00    0.00   49.62   0.01     0.00     4.62  46.12   0.61
dm-1             0.00    0.00      0.00      0.00     0.00     0.00   0.00   0.00    0.00    0.00   0.00     0.00     0.00   0.00   0.00
dm-2             0.00    2.45      0.00   4473.90     0.00     0.00   0.00   0.00    0.00   76.88   0.19     0.00  1826.08  16.05   3.93
dm-3             0.00    0.00      0.00      0.00     0.00     0.00   0.00   0.00    0.00    0.00   0.00     0.00     0.00   0.00   0.00

05/09/21 13:11:14
avg-cpu:  %user   %nice %system %iowait  %steal   %idle
          82.30    0.01   14.40    0.00    3.30    0.00

Device            r/s     w/s     rkB/s     wkB/s   rrqm/s   wrqm/s  %rrqm  %wrqm r_await w_await aqu-sz rareq-sz wareq-sz  svctm  %util
vda              0.00    0.27      0.00      1.50     0.00     0.02   0.00   5.88    0.00  106.06   0.03     0.00     5.62  40.50   1.08
vdb              0.00    5.43      0.00   4013.15     0.00     0.00   0.00   0.00    0.00  113.43   0.61     0.00   738.62   5.87   3.19
vdc              0.00    0.00      0.00      0.00     0.00     0.00   0.00   0.00    0.00    0.00   0.00     0.00     0.00   0.00   0.00
dm-0             0.00    0.28      0.00      1.66     0.00     0.00   0.00   0.00    0.00  109.53   0.03     0.00     5.85  38.12   1.08
dm-1             0.00    0.00      0.00      0.00     0.00     0.00   0.00   0.00    0.00    0.00   0.00     0.00     0.00   0.00   0.00
dm-2             0.00    2.12      0.00   4013.97     0.00     0.00   0.00   0.00    0.00  126.46   0.27     0.00  1896.36  12.68   2.68
dm-3             0.00    0.00      0.00      0.00     0.00     0.00   0.00   0.00    0.00    0.00   0.00     0.00     0.00   0.00   0.00

05/09/21 13:12:14
avg-cpu:  %user   %nice %system %iowait  %steal   %idle
          82.41    0.02   14.21    0.00    3.36    0.00

Device            r/s     w/s     rkB/s     wkB/s   rrqm/s   wrqm/s  %rrqm  %wrqm r_await w_await aqu-sz rareq-sz wareq-sz  svctm  %util
vda              0.00    0.17      0.00      0.59     0.00     0.02   0.00   9.09    0.00   42.30   0.01     0.00     3.55  33.10   0.55
vdb              0.00    8.45      0.00   6410.15     0.00     0.00   0.00   0.00    0.00  171.67   1.45     0.00   758.60   6.42   5.42
vdc              0.00    0.00      0.00      0.00     0.00     0.00   0.00   0.00    0.00    0.00   0.00     0.00     0.00   0.00   0.00
dm-0             0.00    0.18      0.00      0.71     0.00     0.00   0.00   0.00    0.00   41.18   0.01     0.00     3.86  30.09   0.55
dm-1             0.00    0.00      0.00      0.00     0.00     0.00   0.00   0.00    0.00    0.00   0.00     0.00     0.00   0.00   0.00
dm-2             0.00    3.47      0.00   6411.23     0.00     0.00   0.00   0.00    0.00  182.12   0.63     0.00  1849.39  15.60   5.41
dm-3             0.00    0.00      0.00      0.00     0.00     0.00   0.00   0.00    0.00    0.00   0.00     0.00     0.00   0.00   0.00

05/09/21 13:13:14
avg-cpu:  %user   %nice %system %iowait  %steal   %idle
          83.21    0.01   13.62    0.00    3.17    0.00

Device            r/s     w/s     rkB/s     wkB/s   rrqm/s   wrqm/s  %rrqm  %wrqm r_await w_await aqu-sz rareq-sz wareq-sz  svctm  %util
vda              0.00    0.12      0.00      0.38     0.00     0.00   0.00   0.00    0.00   50.43   0.01     0.00     3.29  31.71   0.37
vdb              0.00    4.85      0.00   3508.57     0.00     0.13   0.00   2.68    0.00   62.31   0.30     0.00   723.54   6.43   3.12
vdc              0.00    0.00      0.00      0.00     0.00     0.00   0.00   0.00    0.00    0.00   0.00     0.00     0.00   0.00   0.00
dm-0             0.00    0.12      0.00      0.50     0.00     0.00   0.00   0.00    0.00   50.43   0.01     0.00     4.29  31.71   0.37
dm-1             0.00    0.00      0.00      0.00     0.00     0.00   0.00   0.00    0.00    0.00   0.00     0.00     0.00   0.00   0.00
dm-2             0.00    2.30      0.00   3509.76     0.00     0.00   0.00   0.00    0.00   69.78   0.16     0.00  1526.24  12.60   2.90
dm-3             0.00    0.00      0.00      0.00     0.00     0.00   0.00   0.00    0.00    0.00   0.00     0.00     0.00   0.00   0.00

05/09/21 13:14:14
avg-cpu:  %user   %nice %system %iowait  %steal   %idle
          82.61    0.02   13.84    0.00    3.53    0.00

Device            r/s     w/s     rkB/s     wkB/s   rrqm/s   wrqm/s  %rrqm  %wrqm r_await w_await aqu-sz rareq-sz wareq-sz  svctm  %util
vda              0.00    0.13      0.00      0.66     0.00     0.03   0.00  20.00    0.00   54.62   0.01     0.00     4.94  49.62   0.66
vdb              0.00    5.85      0.00   3810.19     0.00     0.03   0.00   0.57    0.00   80.07   0.47     0.00   651.31   4.97   2.90
vdc              0.00    0.00      0.00      0.00     0.00     0.00   0.00   0.00    0.00    0.00   0.00     0.00     0.00   0.00   0.00
dm-0             0.00    0.17      0.00      0.78     0.00     0.00   0.00   0.00    0.00   51.60   0.01     0.00     4.70  39.70   0.66
dm-1             0.00    0.00      0.00      0.00     0.00     0.00   0.00   0.00    0.00    0.00   0.00     0.00     0.00   0.00   0.00
dm-2             0.00    2.25      0.00   3811.11     0.00     0.00   0.00   0.00    0.00   94.01   0.21     0.00  1693.83  12.90   2.90
dm-3             0.00    0.00      0.00      0.00     0.00     0.00   0.00   0.00    0.00    0.00   0.00     0.00     0.00   0.00   0.00

05/09/21 13:15:14
avg-cpu:  %user   %nice %system %iowait  %steal   %idle
          82.83    0.02   13.86    0.00    3.29    0.00

Device            r/s     w/s     rkB/s     wkB/s   rrqm/s   wrqm/s  %rrqm  %wrqm r_await w_await aqu-sz rareq-sz wareq-sz  svctm  %util
vda              0.00    0.15      0.00      0.66     0.00     0.03   0.00  18.18    0.00   91.00   0.01     0.00     4.39  67.00   1.01
vdb              0.00    0.17      0.00      0.98     0.00     0.03   0.00  16.67    0.00   99.20   0.02     0.00     5.90  18.40   0.31
vdc              0.00    0.00      0.00      0.00     0.00     0.00   0.00   0.00    0.00    0.00   0.00     0.00     0.00   0.00   0.00
dm-0             0.00    0.18      0.00      0.78     0.00     0.00   0.00   0.00    0.00   97.27   0.02     0.00     4.23  54.82   1.01
dm-1             0.00    0.00      0.00      0.00     0.00     0.00   0.00   0.00    0.00    0.00   0.00     0.00     0.00   0.00   0.00
dm-2             0.00    0.20      0.00      1.35     0.00     0.00   0.00   0.00    0.00  108.33   0.02     0.00     6.75  15.33   0.31
dm-3             0.00    0.00      0.00      0.00     0.00     0.00   0.00   0.00    0.00    0.00   0.00     0.00     0.00   0.00   0.00

05/09/21 13:16:14
avg-cpu:  %user   %nice %system %iowait  %steal   %idle
          82.49    0.02   14.08    0.00    3.41    0.00

Device            r/s     w/s     rkB/s     wkB/s   rrqm/s   wrqm/s  %rrqm  %wrqm r_await w_await aqu-sz rareq-sz wareq-sz  svctm  %util
vda              0.00    0.12      0.00      0.45     0.00     0.02   0.00  12.50    0.00   65.43   0.01     0.00     3.86  66.14   0.77
vdb              0.00    8.93      0.00   6552.53     0.00     0.07   0.00   0.74    0.00   87.54   0.78     0.00   733.61   6.24   5.57
vdc              0.00    0.00      0.00      0.00     0.00     0.00   0.00   0.00    0.00    0.00   0.00     0.00     0.00   0.00   0.00
dm-0             0.00    0.15      0.00      0.70     0.00     0.00   0.00   0.00    0.00   66.33   0.01     0.00     4.67  51.44   0.77
dm-1             0.00    0.00      0.00      0.00     0.00     0.00   0.00   0.00    0.00    0.00   0.00     0.00     0.00   0.00   0.00
dm-2             0.00    3.45      0.00   6553.36     0.00     0.00   0.00   0.00    0.00  108.85   0.38     0.00  1899.84  15.39   5.31
dm-3             0.00    0.00      0.00      0.00     0.00     0.00   0.00   0.00    0.00    0.00   0.00     0.00     0.00   0.00   0.00

