Linux 4.18.0-240.22.1.el8_3.x86_64 (k8s2) 	05/08/21 	_x86_64_	(2 CPU)

05/08/21 19:31:35
avg-cpu:  %user   %nice %system %iowait  %steal   %idle
           0.34    0.00    0.05    0.00    0.01    0.00

Device            r/s     w/s     rkB/s     wkB/s   rrqm/s   wrqm/s  %rrqm  %wrqm r_await w_await aqu-sz rareq-sz wareq-sz  svctm  %util
vda              0.00    0.28      0.00      2.09     0.00     0.02   0.00   5.56    0.00  185.53   0.05     0.00     7.38  67.47   1.91
vdb              0.00    0.27      0.00      1.52     0.00     0.02   0.00   5.88    0.00  189.19   0.05     0.00     5.72  75.06   2.00
vdc              0.00    0.00      0.00      0.00     0.00     0.00   0.00   0.00    0.00    0.00   0.00     0.00     0.00   0.00   0.00
dm-0             0.00    0.30      0.00      2.31     0.00     0.00   0.00   0.00    0.00  190.83   0.06     0.00     7.69  63.67   1.91
dm-1             0.00    0.00      0.00      0.00     0.00     0.00   0.00   0.00    0.00    0.00   0.00     0.00     0.00   0.00   0.00
dm-2             0.00    0.28      0.00      1.77     0.00     0.00   0.00   0.00    0.00  190.12   0.05     0.00     6.26  70.65   2.00
dm-3             0.00    0.00      0.00      0.00     0.00     0.00   0.00   0.00    0.00    0.00   0.00     0.00     0.00   0.00   0.00

05/08/21 19:32:35
avg-cpu:  %user   %nice %system %iowait  %steal   %idle
          81.07    2.43   13.14    0.00    3.33    0.03

Device            r/s     w/s     rkB/s     wkB/s   rrqm/s   wrqm/s  %rrqm  %wrqm r_await w_await aqu-sz rareq-sz wareq-sz  svctm  %util
vda              0.37    0.63     46.67     23.26     0.00     0.03   0.00   5.00   37.14  154.76   0.11   127.27    36.72  37.35   3.74
vdb              0.00    1.35      0.00    629.58     0.00     0.02   0.00   1.22    0.00  169.42   0.23     0.00   466.36  15.73   2.12
vdc              0.00    0.00      0.00      0.00     0.00     0.00   0.00   0.00    0.00    0.00   0.00     0.00     0.00   0.00   0.00
dm-0             0.37    0.67     46.67     23.90     0.00     0.00   0.00   0.00   36.82  163.57   0.12   127.27    35.85  36.10   3.73
dm-1             0.00    0.00      0.00      0.00     0.00     0.00   0.00   0.00    0.00    0.00   0.00     0.00     0.00   0.00   0.00
dm-2             0.00    0.83      0.00    629.96     0.00     0.00   0.00   0.00    0.00  223.12   0.19     0.00   755.95  25.50   2.12
dm-3             0.00    0.00      0.00      0.00     0.00     0.00   0.00   0.00    0.00    0.00   0.00     0.00     0.00   0.00   0.00

05/08/21 19:33:35
avg-cpu:  %user   %nice %system %iowait  %steal   %idle
          83.79    0.01   12.77    0.00    3.42    0.01

Device            r/s     w/s     rkB/s     wkB/s   rrqm/s   wrqm/s  %rrqm  %wrqm r_await w_await aqu-sz rareq-sz wareq-sz  svctm  %util
vda              0.00    0.97      0.00     10.41     0.00     0.10   0.00   9.38    0.00  748.52   0.72     0.00    10.77  47.47   4.59
vdb              0.00    0.28      0.00      2.14     0.00     0.00   0.00   0.00    0.00  196.71   0.06     0.00     7.56  64.06   1.81
vdc              0.00    0.00      0.00      0.00     0.00     0.00   0.00   0.00    0.00    0.00   0.00     0.00     0.00   0.00   0.00
dm-0             0.00    1.07      0.00     10.65     0.00     0.00   0.00   0.00    0.00  764.61   0.82     0.00     9.98  43.02   4.59
dm-1             0.00    0.00      0.00      0.00     0.00     0.00   0.00   0.00    0.00    0.00   0.00     0.00     0.00   0.00   0.00
dm-2             0.00    0.28      0.00      2.42     0.00     0.00   0.00   0.00    0.00  196.59   0.06     0.00     8.53  64.06   1.81
dm-3             0.00    0.00      0.00      0.00     0.00     0.00   0.00   0.00    0.00    0.00   0.00     0.00     0.00   0.00   0.00

05/08/21 19:34:35
avg-cpu:  %user   %nice %system %iowait  %steal   %idle
          83.10    0.01   13.52    0.00    3.34    0.03

Device            r/s     w/s     rkB/s     wkB/s   rrqm/s   wrqm/s  %rrqm  %wrqm r_await w_await aqu-sz rareq-sz wareq-sz  svctm  %util
vda              0.00    0.25      0.00      1.52     0.00     0.02   0.00   6.25    0.00  329.80   0.08     0.00     6.10  97.53   2.44
vdb              0.00    0.25      0.00      1.56     0.00     0.00   0.00   0.00    0.00  176.07   0.04     0.00     6.23  63.07   1.58
vdc              0.00    0.00      0.00      0.00     0.00     0.00   0.00   0.00    0.00    0.00   0.00     0.00     0.00   0.00   0.00
dm-0             0.00    0.27      0.00      1.64     0.00     0.00   0.00   0.00    0.00  339.38   0.09     0.00     6.16  91.44   2.44
dm-1             0.00    0.00      0.00      0.00     0.00     0.00   0.00   0.00    0.00    0.00   0.00     0.00     0.00   0.00   0.00
dm-2             0.00    0.25      0.00      1.85     0.00     0.00   0.00   0.00    0.00  175.87   0.04     0.00     7.40  63.07   1.58
dm-3             0.00    0.00      0.00      0.00     0.00     0.00   0.00   0.00    0.00    0.00   0.00     0.00     0.00   0.00   0.00

05/08/21 19:35:35
avg-cpu:  %user   %nice %system %iowait  %steal   %idle
          84.06    0.02   12.35    0.00    3.57    0.00

Device            r/s     w/s     rkB/s     wkB/s   rrqm/s   wrqm/s  %rrqm  %wrqm r_await w_await aqu-sz rareq-sz wareq-sz  svctm  %util
vda              0.00    0.13      0.00      0.47     0.00     0.00   0.00   0.00    0.00  242.50   0.03     0.00     3.50 155.50   2.07
vdb              0.00    0.20      0.00      1.48     0.00     0.00   0.00   0.00    0.00  248.50   0.05     0.00     7.42  88.42   1.77
vdc              0.00    0.00      0.00      0.00     0.00     0.00   0.00   0.00    0.00    0.00   0.00     0.00     0.00   0.00   0.00
dm-0             0.00    0.13      0.00      0.60     0.00     0.00   0.00   0.00    0.00  242.12   0.03     0.00     4.50 155.50   2.07
dm-1             0.00    0.00      0.00      0.00     0.00     0.00   0.00   0.00    0.00    0.00   0.00     0.00     0.00   0.00   0.00
dm-2             0.00    0.20      0.00      1.77     0.00     0.00   0.00   0.00    0.00  248.17   0.05     0.00     8.83  88.42   1.77
dm-3             0.00    0.00      0.00      0.00     0.00     0.00   0.00   0.00    0.00    0.00   0.00     0.00     0.00   0.00   0.00

05/08/21 19:36:35
avg-cpu:  %user   %nice %system %iowait  %steal   %idle
          82.42    0.97   13.19    0.00    3.38    0.04

Device            r/s     w/s     rkB/s     wkB/s   rrqm/s   wrqm/s  %rrqm  %wrqm r_await w_await aqu-sz rareq-sz wareq-sz  svctm  %util
vda              0.00    0.50      0.00      3.80     0.00     0.07   0.00  11.76    0.00  318.70   0.16     0.00     7.60  68.40   3.42
vdb              0.00    0.47      0.00      3.87     0.00     0.05   0.00   9.68    0.00  350.21   0.16     0.00     8.29  58.21   2.72
vdc              0.00    0.00      0.00      0.00     0.00     0.00   0.00   0.00    0.00    0.00   0.00     0.00     0.00   0.00   0.00
dm-0             0.00    0.57      0.00      4.23     0.00     0.00   0.00   0.00    0.00  339.06   0.19     0.00     7.47  60.35   3.42
dm-1             0.00    0.00      0.00      0.00     0.00     0.00   0.00   0.00    0.00    0.00   0.00     0.00     0.00   0.00   0.00
dm-2             0.00    0.52      0.00      4.38     0.00     0.00   0.00   0.00    0.00  364.10   0.19     0.00     8.47  52.58   2.72
dm-3             0.00    0.00      0.00      0.00     0.00     0.00   0.00   0.00    0.00    0.00   0.00     0.00     0.00   0.00   0.00

05/08/21 19:37:35
avg-cpu:  %user   %nice %system %iowait  %steal   %idle
          83.14    0.01   13.54    0.00    3.29    0.02

Device            r/s     w/s     rkB/s     wkB/s   rrqm/s   wrqm/s  %rrqm  %wrqm r_await w_await aqu-sz rareq-sz wareq-sz  svctm  %util
vda              0.00    0.15      0.00      0.72     0.00     0.00   0.00   0.00    0.00  138.33   0.02     0.00     4.78 104.67   1.57
vdb              0.00    0.25      0.00      1.67     0.00     0.00   0.00   0.00    0.00  127.27   0.03     0.00     6.67  51.00   1.27
vdc              0.00    0.00      0.00      0.00     0.00     0.00   0.00   0.00    0.00    0.00   0.00     0.00     0.00   0.00   0.00
dm-0             0.00    0.15      0.00      0.83     0.00     0.00   0.00   0.00    0.00  138.11   0.02     0.00     5.56 104.67   1.57
dm-1             0.00    0.00      0.00      0.00     0.00     0.00   0.00   0.00    0.00    0.00   0.00     0.00     0.00   0.00   0.00
dm-2             0.00    0.25      0.00      2.07     0.00     0.00   0.00   0.00    0.00  126.93   0.03     0.00     8.27  51.00   1.27
dm-3             0.00    0.00      0.00      0.00     0.00     0.00   0.00   0.00    0.00    0.00   0.00     0.00     0.00   0.00   0.00

05/08/21 19:38:35
avg-cpu:  %user   %nice %system %iowait  %steal   %idle
          83.02    0.01   13.55    0.00    3.43    0.00

Device            r/s     w/s     rkB/s     wkB/s   rrqm/s   wrqm/s  %rrqm  %wrqm r_await w_await aqu-sz rareq-sz wareq-sz  svctm  %util
vda              0.00    0.13      0.00      0.47     0.00     0.02   0.00  11.11    0.00  204.38   0.03     0.00     3.50 124.12   1.65
vdb              0.00    0.20      0.00      1.82     0.00     0.03   0.00  14.29    0.00  237.83   0.05     0.00     9.08  99.00   1.98
vdc              0.00    0.00      0.00      0.00     0.00     0.00   0.00   0.00    0.00    0.00   0.00     0.00     0.00   0.00   0.00
dm-0             0.00    0.15      0.00      0.60     0.00     0.00   0.00   0.00    0.00  217.00   0.03     0.00     4.00 110.33   1.65
dm-1             0.00    0.00      0.00      0.00     0.00     0.00   0.00   0.00    0.00    0.00   0.00     0.00     0.00   0.00   0.00
dm-2             0.00    0.23      0.00      2.10     0.00     0.00   0.00   0.00    0.00  251.93   0.06     0.00     9.00  84.86   1.98
dm-3             0.00    0.00      0.00      0.00     0.00     0.00   0.00   0.00    0.00    0.00   0.00     0.00     0.00   0.00   0.00

05/08/21 19:39:35
avg-cpu:  %user   %nice %system %iowait  %steal   %idle
          83.39    0.03   13.22    0.00    3.36    0.00

Device            r/s     w/s     rkB/s     wkB/s   rrqm/s   wrqm/s  %rrqm  %wrqm r_await w_await aqu-sz rareq-sz wareq-sz  svctm  %util
vda              0.00    0.15      0.00      0.59     0.00     0.03   0.00  18.18    0.00  188.67   0.03     0.00     3.94 143.78   2.16
vdb              0.00    0.15      0.00      0.68     0.00     0.00   0.00   0.00    0.00  151.89   0.02     0.00     4.56 101.33   1.52
vdc              0.00    0.00      0.00      0.00     0.00     0.00   0.00   0.00    0.00    0.00   0.00     0.00     0.00   0.00   0.00
dm-0             0.00    0.18      0.00      0.71     0.00     0.00   0.00   0.00    0.00  189.91   0.03     0.00     3.86 117.64   2.16
dm-1             0.00    0.00      0.00      0.00     0.00     0.00   0.00   0.00    0.00    0.00   0.00     0.00     0.00   0.00   0.00
dm-2             0.00    0.15      0.00      0.97     0.00     0.00   0.00   0.00    0.00  151.89   0.02     0.00     6.44 101.33   1.52
dm-3             0.00    0.00      0.00      0.00     0.00     0.00   0.00   0.00    0.00    0.00   0.00     0.00     0.00   0.00   0.00

05/08/21 19:40:35
avg-cpu:  %user   %nice %system %iowait  %steal   %idle
          83.42    0.01   12.76    0.00    3.82    0.00

Device            r/s     w/s     rkB/s     wkB/s   rrqm/s   wrqm/s  %rrqm  %wrqm r_await w_await aqu-sz rareq-sz wareq-sz  svctm  %util
vda              0.00    0.15      0.00      0.66     0.00     0.02   0.00  10.00    0.00  148.56   0.02     0.00     4.39 134.89   2.02
vdb              0.00    0.12      0.00      0.60     0.00     0.02   0.00  12.50    0.00  204.00   0.02     0.00     5.14 115.71   1.35
vdc              0.00    0.00      0.00      0.00     0.00     0.00   0.00   0.00    0.00    0.00   0.00     0.00     0.00   0.00   0.00
dm-0             0.00    0.17      0.00      0.78     0.00     0.00   0.00   0.00    0.00  159.90   0.03     0.00     4.70 121.40   2.02
dm-1             0.00    0.00      0.00      0.00     0.00     0.00   0.00   0.00    0.00    0.00   0.00     0.00     0.00   0.00   0.00
dm-2             0.00    0.17      0.00      0.99     0.00     0.00   0.00   0.00    0.00  156.90   0.03     0.00     5.95  81.00   1.35
dm-3             0.00    0.00      0.00      0.00     0.00     0.00   0.00   0.00    0.00    0.00   0.00     0.00     0.00   0.00   0.00

