Linux 4.18.0-240.22.1.el8_3.x86_64 (k8s3) 	05/09/21 	_x86_64_	(2 CPU)

05/09/21 11:21:56
avg-cpu:  %user   %nice %system %iowait  %steal   %idle
           0.09    0.00    0.08    0.00    0.00    1.29

Device            r/s     w/s     rkB/s     wkB/s   rrqm/s   wrqm/s  %rrqm  %wrqm r_await w_await aqu-sz rareq-sz wareq-sz  svctm  %util
vda              0.00    0.50      0.00      2.86     0.00     0.02   0.00   3.23    0.00   81.93   0.04     0.00     5.72  23.80   1.19
vdb              0.00    0.18      0.00      0.79     0.00     0.00   0.00   0.00    0.00  108.00   0.02     0.00     4.32  58.18   1.07
vdc              0.00    0.05      0.00      0.28     0.00     0.00   0.00   0.00    0.00   58.00   0.00     0.00     5.67  59.00   0.29
dm-0             0.00    0.52      0.00      3.11     0.00     0.00   0.00   0.00    0.00   90.42   0.05     0.00     6.02  26.35   1.36
dm-1             0.00    0.00      0.00      0.00     0.00     0.00   0.00   0.00    0.00    0.00   0.00     0.00     0.00   0.00   0.00
dm-2             0.00    0.05      0.00      0.30     0.00     0.00   0.00   0.00    0.00   58.33   0.00     0.00     6.00  59.00   0.29
dm-3             0.00    0.18      0.00      0.92     0.00     0.00   0.00   0.00    0.00  108.00   0.02     0.00     5.00  58.18   1.07

05/09/21 11:22:56
avg-cpu:  %user   %nice %system %iowait  %steal   %idle
           6.15    0.89    5.21    0.20    0.35   87.21

Device            r/s     w/s     rkB/s     wkB/s   rrqm/s   wrqm/s  %rrqm  %wrqm r_await w_await aqu-sz rareq-sz wareq-sz  svctm  %util
vda              0.00    0.33      0.00      2.13     0.00     0.05   0.00  13.04    0.00  172.65   0.06     0.00     6.40  41.70   1.39
vdb              0.00    0.33      0.00      2.61     0.00     0.05   0.00  13.04    0.00   74.60   0.02     0.00     7.83  19.75   0.66
vdc              0.00    0.67      0.00      5.92     0.00     0.00   0.00   0.00    0.00   14.38   0.01     0.00     8.89  13.88   0.93
dm-0             0.00    0.38      0.00      2.31     0.00     0.00   0.00   0.00    0.00  182.78   0.07     0.00     6.02  36.26   1.39
dm-1             0.00    0.00      0.00      0.00     0.00     0.00   0.00   0.00    0.00    0.00   0.00     0.00     0.00   0.00   0.00
dm-2             0.00    0.67      0.00      6.11     0.00     0.00   0.00   0.00    0.00   14.38   0.01     0.00     9.16  13.88   0.93
dm-3             0.00    0.38      0.00      2.86     0.00     0.00   0.00   0.00    0.00   77.52   0.03     0.00     7.46  17.22   0.66

05/09/21 11:23:56
avg-cpu:  %user   %nice %system %iowait  %steal   %idle
           6.67    0.02    5.74    0.01    0.34   87.22

Device            r/s     w/s     rkB/s     wkB/s   rrqm/s   wrqm/s  %rrqm  %wrqm r_await w_await aqu-sz rareq-sz wareq-sz  svctm  %util
vda              0.00    0.38      0.00      3.26     0.00     0.08   0.00  17.86    0.00  219.61   0.08     0.00     8.50  28.96   1.11
vdb              0.00    0.25      0.00      1.86     0.00     0.02   0.00   6.25    0.00  117.93   0.03     0.00     7.43  29.60   0.74
vdc              0.00    0.05      0.00      0.03     0.00     0.00   0.00   0.00    0.00   30.67   0.00     0.00     0.50  31.00   0.15
dm-0             0.00    0.47      0.00      3.35     0.00     0.00   0.00   0.00    0.00  234.75   0.11     0.00     7.18  23.79   1.11
dm-1             0.00    0.00      0.00      0.00     0.00     0.00   0.00   0.00    0.00    0.00   0.00     0.00     0.00   0.00   0.00
dm-2             0.00    0.05      0.00      0.04     0.00     0.00   0.00   0.00    0.00   30.67   0.00     0.00     0.83  31.00   0.15
dm-3             0.00    0.27      0.00      1.98     0.00     0.00   0.00   0.00    0.00  119.88   0.03     0.00     7.41  27.75   0.74

05/09/21 11:24:56
avg-cpu:  %user   %nice %system %iowait  %steal   %idle
           6.21    0.79    5.37    0.26    0.30   87.07

Device            r/s     w/s     rkB/s     wkB/s   rrqm/s   wrqm/s  %rrqm  %wrqm r_await w_await aqu-sz rareq-sz wareq-sz  svctm  %util
vda              0.00    0.30      0.00      1.75     0.00     0.02   0.00   5.26    0.00   97.83   0.03     0.00     5.83  29.11   0.87
vdb              0.00    0.40      0.00      3.93     0.00     0.00   0.00   0.00    0.00   63.00   0.03     0.00     9.83  18.00   0.72
vdc              0.00    0.00      0.00      0.00     0.00     0.00   0.00   0.00    0.00    0.00   0.00     0.00     0.00   0.00   0.00
dm-0             0.00    0.32      0.00      1.89     0.00     0.00   0.00   0.00    0.00  103.89   0.03     0.00     5.97  27.58   0.87
dm-1             0.00    0.00      0.00      0.00     0.00     0.00   0.00   0.00    0.00    0.00   0.00     0.00     0.00   0.00   0.00
dm-2             0.00    0.00      0.00      0.00     0.00     0.00   0.00   0.00    0.00    0.00   0.00     0.00     0.00   0.00   0.00
dm-3             0.00    0.40      0.00      4.13     0.00     0.00   0.00   0.00    0.00   68.42   0.03     0.00    10.33  18.00   0.72

05/09/21 11:25:56
avg-cpu:  %user   %nice %system %iowait  %steal   %idle
           6.52    0.02    5.48    0.00    0.33   87.65

Device            r/s     w/s     rkB/s     wkB/s   rrqm/s   wrqm/s  %rrqm  %wrqm r_await w_await aqu-sz rareq-sz wareq-sz  svctm  %util
vda              0.00    0.28      0.00      2.08     0.00     0.00   0.00   0.00    0.00  109.59   0.03     0.00     7.35  44.24   1.25
vdb              0.00    0.12      0.00      1.47     0.00     0.10   0.00  46.15    0.00   57.00   0.01     0.00    12.64  28.14   0.33
vdc              0.00    0.00      0.00      0.00     0.00     0.00   0.00   0.00    0.00    0.00   0.00     0.00     0.00   0.00   0.00
dm-0             0.00    0.28      0.00      2.23     0.00     0.00   0.00   0.00    0.00  109.41   0.03     0.00     7.88  44.24   1.25
dm-1             0.00    0.00      0.00      0.00     0.00     0.00   0.00   0.00    0.00    0.00   0.00     0.00     0.00   0.00   0.00
dm-2             0.00    0.00      0.00      0.00     0.00     0.00   0.00   0.00    0.00    0.00   0.00     0.00     0.00   0.00   0.00
dm-3             0.00    0.22      0.00      1.53     0.00     0.00   0.00   0.00    0.00   62.00   0.01     0.00     7.08  15.15   0.33

05/09/21 11:26:56
avg-cpu:  %user   %nice %system %iowait  %steal   %idle
           6.04    0.02    4.93    0.05    0.27   88.69

Device            r/s     w/s     rkB/s     wkB/s   rrqm/s   wrqm/s  %rrqm  %wrqm r_await w_await aqu-sz rareq-sz wareq-sz  svctm  %util
vda              0.00    0.18      0.00      1.30     0.00     0.03   0.00  15.38    0.00   61.00   0.01     0.00     7.09  23.09   0.42
vdb              0.00    0.12      0.00      0.33     0.00     0.00   0.00   0.00    0.00   40.29   0.00     0.00     2.86  41.00   0.48
vdc              0.00    0.00      0.00      0.00     0.00     0.00   0.00   0.00    0.00    0.00   0.00     0.00     0.00   0.00   0.00
dm-0             0.00    0.22      0.00      1.47     0.00     0.00   0.00   0.00    0.00   75.31   0.02     0.00     6.77  19.54   0.42
dm-1             0.00    0.00      0.00      0.00     0.00     0.00   0.00   0.00    0.00    0.00   0.00     0.00     0.00   0.00   0.00
dm-2             0.00    0.00      0.00      0.00     0.00     0.00   0.00   0.00    0.00    0.00   0.00     0.00     0.00   0.00   0.00
dm-3             0.00    0.12      0.00      0.47     0.00     0.00   0.00   0.00    0.00   40.14   0.00     0.00     4.00  41.00   0.48

05/09/21 11:27:56
avg-cpu:  %user   %nice %system %iowait  %steal   %idle
           6.43    0.02    5.11    0.00    0.34   88.10

Device            r/s     w/s     rkB/s     wkB/s   rrqm/s   wrqm/s  %rrqm  %wrqm r_await w_await aqu-sz rareq-sz wareq-sz  svctm  %util
vda              0.00    0.28      0.00      1.94     0.00     0.07   0.00  19.05    0.00   87.88   0.02     0.00     6.85  24.88   0.70
vdb              0.00    0.12      0.00      0.53     0.00     0.00   0.00   0.00    0.00   58.86   0.01     0.00     4.57  51.00   0.59
vdc              0.00    0.00      0.00      0.00     0.00     0.00   0.00   0.00    0.00    0.00   0.00     0.00     0.00   0.00   0.00
dm-0             0.00    0.35      0.00      2.07     0.00     0.00   0.00   0.00    0.00   88.38   0.03     0.00     5.90  20.14   0.70
dm-1             0.00    0.00      0.00      0.00     0.00     0.00   0.00   0.00    0.00    0.00   0.00     0.00     0.00   0.00   0.00
dm-2             0.00    0.00      0.00      0.00     0.00     0.00   0.00   0.00    0.00    0.00   0.00     0.00     0.00   0.00   0.00
dm-3             0.00    0.12      0.00      0.67     0.00     0.00   0.00   0.00    0.00   58.86   0.01     0.00     5.71  51.00   0.59

05/09/21 11:28:56
avg-cpu:  %user   %nice %system %iowait  %steal   %idle
          47.21    0.01    9.58    0.00    1.53   41.67

Device            r/s     w/s     rkB/s     wkB/s   rrqm/s   wrqm/s  %rrqm  %wrqm r_await w_await aqu-sz rareq-sz wareq-sz  svctm  %util
vda              0.00    0.38      0.00      2.17     0.00     0.02   0.00   4.17    0.00   61.57   0.02     0.00     5.67  22.74   0.87
vdb              0.00    0.68      0.00    236.02     0.00     0.02   0.00   2.38    0.00   30.76   0.02     0.00   345.45   9.34   0.64
vdc              0.00    0.00      0.00      0.00     0.00     0.00   0.00   0.00    0.00    0.00   0.00     0.00     0.00   0.00   0.00
dm-0             0.00    0.40      0.00      2.41     0.00     0.00   0.00   0.00    0.00   65.38   0.03     0.00     6.02  21.79   0.87
dm-1             0.00    0.00      0.00      0.00     0.00     0.00   0.00   0.00    0.00    0.00   0.00     0.00     0.00   0.00   0.00
dm-2             0.00    0.00      0.00      0.00     0.00     0.00   0.00   0.00    0.00    0.00   0.00     0.00     0.00   0.00   0.00
dm-3             0.00    0.35      0.00    236.20     0.00     0.00   0.00   0.00    0.00   56.00   0.02     0.00   674.98  15.95   0.56

05/09/21 11:29:56
avg-cpu:  %user   %nice %system %iowait  %steal   %idle
          73.61    0.02   11.79    0.03    2.43   12.12

Device            r/s     w/s     rkB/s     wkB/s   rrqm/s   wrqm/s  %rrqm  %wrqm r_await w_await aqu-sz rareq-sz wareq-sz  svctm  %util
vda              0.00    0.28      0.00      1.82     0.00     0.03   0.00  10.53    0.00  118.94   0.03     0.00     6.41  31.53   0.89
vdb              0.00    0.25      0.00      0.90     0.00     0.02   0.00   6.25    0.00   29.87   0.01     0.00     3.60  17.67   0.44
vdc              0.00    0.00      0.00      0.00     0.00     0.00   0.00   0.00    0.00    0.00   0.00     0.00     0.00   0.00   0.00
dm-0             0.00    0.32      0.00      1.95     0.00     0.00   0.00   0.00    0.00  117.84   0.04     0.00     6.16  28.21   0.89
dm-1             0.00    0.00      0.00      0.00     0.00     0.00   0.00   0.00    0.00    0.00   0.00     0.00     0.00   0.00   0.00
dm-2             0.00    0.00      0.00      0.00     0.00     0.00   0.00   0.00    0.00    0.00   0.00     0.00     0.00   0.00   0.00
dm-3             0.00    0.27      0.00      1.26     0.00     0.00   0.00   0.00    0.00   30.56   0.01     0.00     4.72  16.56   0.44

05/09/21 11:30:56
avg-cpu:  %user   %nice %system %iowait  %steal   %idle
          64.69    0.02    9.99    0.00    2.24   23.06

Device            r/s     w/s     rkB/s     wkB/s   rrqm/s   wrqm/s  %rrqm  %wrqm r_await w_await aqu-sz rareq-sz wareq-sz  svctm  %util
vda              0.00    0.23      0.00      1.20     0.00     0.00   0.00   0.00    0.00   75.43   0.02     0.00     5.14  16.36   0.38
vdb              0.00    0.17      0.00      1.18     0.00     0.08   0.00  33.33    0.00   72.90   0.01     0.00     7.10  15.20   0.25
vdc              0.00    0.00      0.00      0.00     0.00     0.00   0.00   0.00    0.00    0.00   0.00     0.00     0.00   0.00   0.00
dm-0             0.00    0.23      0.00      1.33     0.00     0.00   0.00   0.00    0.00   82.57   0.02     0.00     5.71  23.93   0.56
dm-1             0.00    0.00      0.00      0.00     0.00     0.00   0.00   0.00    0.00    0.00   0.00     0.00     0.00   0.00   0.00
dm-2             0.00    0.00      0.00      0.00     0.00     0.00   0.00   0.00    0.00    0.00   0.00     0.00     0.00   0.00   0.00
dm-3             0.00    0.25      0.00      1.28     0.00     0.00   0.00   0.00    0.00   86.27   0.02     0.00     5.13  10.13   0.25

