Linux 4.18.0-240.22.1.el8_3.x86_64 (k8s2) 	05/08/21 	_x86_64_	(2 CPU)

05/08/21 19:00:15
avg-cpu:  %user   %nice %system %iowait  %steal   %idle
           0.33    0.00    0.05    0.00    0.01    0.07

Device            r/s     w/s     rkB/s     wkB/s   rrqm/s   wrqm/s  %rrqm  %wrqm r_await w_await aqu-sz rareq-sz wareq-sz  svctm  %util
vda              0.00    0.45      0.00      3.89     0.00     0.08   0.00  15.62    0.00  554.52   0.25     0.00     8.65  78.30   3.52
vdb              0.00    0.43      0.00      3.00     0.00     0.05   0.00  10.34    0.00  526.12   0.23     0.00     6.92  78.04   3.38
vdc              0.00    0.00      0.00      0.00     0.00     0.00   0.00   0.00    0.00    0.00   0.00     0.00     0.00   0.00   0.00
dm-0             0.00    0.53      0.00      4.08     0.00     0.00   0.00   0.00    0.00  579.50   0.31     0.00     7.66  66.06   3.52
dm-1             0.00    0.00      0.00      0.00     0.00     0.00   0.00   0.00    0.00    0.00   0.00     0.00     0.00   0.00   0.00
dm-2             0.00    0.48      0.00      3.24     0.00     0.00   0.00   0.00    0.00  529.90   0.26     0.00     6.71  69.97   3.38
dm-3             0.00    0.00      0.00      0.00     0.00     0.00   0.00   0.00    0.00    0.00   0.00     0.00     0.00   0.00   0.00

05/08/21 19:01:15
avg-cpu:  %user   %nice %system %iowait  %steal   %idle
          70.51    0.01   11.61    0.00    2.77   15.10

Device            r/s     w/s     rkB/s     wkB/s   rrqm/s   wrqm/s  %rrqm  %wrqm r_await w_await aqu-sz rareq-sz wareq-sz  svctm  %util
vda              0.00    0.20      0.00      0.97     0.00     0.02   0.00   7.69    0.00  210.75   0.04     0.00     4.88  98.58   1.97
vdb              0.00    0.20      0.00      1.25     0.00     0.00   0.00   0.00    0.00  211.25   0.04     0.00     6.25  99.17   1.98
vdc              0.00    0.00      0.00      0.00     0.00     0.00   0.00   0.00    0.00    0.00   0.00     0.00     0.00   0.00   0.00
dm-0             0.00    0.22      0.00      1.14     0.00     0.00   0.00   0.00    0.00  217.62   0.05     0.00     5.27  91.00   1.97
dm-1             0.00    0.00      0.00      0.00     0.00     0.00   0.00   0.00    0.00    0.00   0.00     0.00     0.00   0.00   0.00
dm-2             0.00    0.20      0.00      1.50     0.00     0.00   0.00   0.00    0.00  210.83   0.04     0.00     7.50  99.17   1.98
dm-3             0.00    0.00      0.00      0.00     0.00     0.00   0.00   0.00    0.00    0.00   0.00     0.00     0.00   0.00   0.00

05/08/21 19:02:15
avg-cpu:  %user   %nice %system %iowait  %steal   %idle
          73.89    0.02   11.18    0.01    2.81   12.10

Device            r/s     w/s     rkB/s     wkB/s   rrqm/s   wrqm/s  %rrqm  %wrqm r_await w_await aqu-sz rareq-sz wareq-sz  svctm  %util
vda              0.00    0.27      0.00      1.53     0.00     0.02   0.00   5.88    0.00  251.31   0.07     0.00     5.75 102.50   2.73
vdb              0.00    0.17      0.00      0.95     0.00     0.00   0.00   0.00    0.00  141.70   0.02     0.00     5.70 110.50   1.84
vdc              0.00    0.00      0.00      0.00     0.00     0.00   0.00   0.00    0.00    0.00   0.00     0.00     0.00   0.00   0.00
dm-0             0.00    0.28      0.00      1.73     0.00     0.00   0.00   0.00    0.00  258.65   0.07     0.00     6.09  96.47   2.73
dm-1             0.00    0.00      0.00      0.00     0.00     0.00   0.00   0.00    0.00    0.00   0.00     0.00     0.00   0.00   0.00
dm-2             0.00    0.17      0.00      1.23     0.00     0.00   0.00   0.00    0.00  141.30   0.02     0.00     7.40 110.50   1.84
dm-3             0.00    0.00      0.00      0.00     0.00     0.00   0.00   0.00    0.00    0.00   0.00     0.00     0.00   0.00   0.00

05/08/21 19:03:15
avg-cpu:  %user   %nice %system %iowait  %steal   %idle
          69.23    0.02   10.64    0.00    2.47   17.65

Device            r/s     w/s     rkB/s     wkB/s   rrqm/s   wrqm/s  %rrqm  %wrqm r_await w_await aqu-sz rareq-sz wareq-sz  svctm  %util
vda              0.00    0.15      0.00      0.87     0.00     0.00   0.00   0.00    0.00  251.78   0.04     0.00     5.78 130.56   1.96
vdb              0.00    0.25      0.00      1.82     0.00     0.05   0.00  16.67    0.00  190.80   0.05     0.00     7.30  58.33   1.46
vdc              0.00    0.00      0.00      0.00     0.00     0.00   0.00   0.00    0.00    0.00   0.00     0.00     0.00   0.00   0.00
dm-0             0.00    0.15      0.00      1.00     0.00     0.00   0.00   0.00    0.00  251.44   0.04     0.00     6.67 130.56   1.96
dm-1             0.00    0.00      0.00      0.00     0.00     0.00   0.00   0.00    0.00    0.00   0.00     0.00     0.00   0.00   0.00
dm-2             0.00    0.30      0.00      2.04     0.00     0.00   0.00   0.00    0.00  197.28   0.06     0.00     6.81  48.56   1.46
dm-3             0.00    0.00      0.00      0.00     0.00     0.00   0.00   0.00    0.00    0.00   0.00     0.00     0.00   0.00   0.00

05/08/21 19:04:15
avg-cpu:  %user   %nice %system %iowait  %steal   %idle
          77.83    0.02   11.38    0.00    2.89    7.90

Device            r/s     w/s     rkB/s     wkB/s   rrqm/s   wrqm/s  %rrqm  %wrqm r_await w_await aqu-sz rareq-sz wareq-sz  svctm  %util
vda              0.00    0.15      0.00      0.48     0.00     0.00   0.00   0.00    0.00  120.22   0.02     0.00     3.22  91.22   1.37
vdb              0.00    0.10      0.00      0.20     0.00     0.00   0.00   0.00    0.00  146.50   0.01     0.00     2.00 100.67   1.01
vdc              0.00    0.00      0.00      0.00     0.00     0.00   0.00   0.00    0.00    0.00   0.00     0.00     0.00   0.00   0.00
dm-0             0.00    0.15      0.00      0.63     0.00     0.00   0.00   0.00    0.00  120.11   0.02     0.00     4.22  91.22   1.37
dm-1             0.00    0.00      0.00      0.00     0.00     0.00   0.00   0.00    0.00    0.00   0.00     0.00     0.00   0.00   0.00
dm-2             0.00    0.10      0.00      0.40     0.00     0.00   0.00   0.00    0.00  146.00   0.01     0.00     4.00 100.67   1.01
dm-3             0.00    0.00      0.00      0.00     0.00     0.00   0.00   0.00    0.00    0.00   0.00     0.00     0.00   0.00   0.00

05/08/21 19:05:15
avg-cpu:  %user   %nice %system %iowait  %steal   %idle
          69.98    0.01    9.82    0.00    2.79   17.40

Device            r/s     w/s     rkB/s     wkB/s   rrqm/s   wrqm/s  %rrqm  %wrqm r_await w_await aqu-sz rareq-sz wareq-sz  svctm  %util
vda              0.00    0.13      0.00      0.45     0.00     0.02   0.00  11.11    0.00  190.88   0.03     0.00     3.38  95.00   1.27
vdb              0.00    0.18      0.00      1.47     0.00     0.03   0.00  15.38    0.00  259.00   0.05     0.00     8.00 102.27   1.88
vdc              0.00    0.00      0.00      0.00     0.00     0.00   0.00   0.00    0.00    0.00   0.00     0.00     0.00   0.00   0.00
dm-0             0.00    0.15      0.00      0.62     0.00     0.00   0.00   0.00    0.00  201.56   0.03     0.00     4.17  84.44   1.27
dm-1             0.00    0.00      0.00      0.00     0.00     0.00   0.00   0.00    0.00    0.00   0.00     0.00     0.00   0.00   0.00
dm-2             0.00    0.22      0.00      1.59     0.00     0.00   0.00   0.00    0.00  263.15   0.06     0.00     7.35  86.54   1.88
dm-3             0.00    0.00      0.00      0.00     0.00     0.00   0.00   0.00    0.00    0.00   0.00     0.00     0.00   0.00   0.00

05/08/21 19:06:15
avg-cpu:  %user   %nice %system %iowait  %steal   %idle
          77.21    0.02   10.98    0.00    2.91    8.88

Device            r/s     w/s     rkB/s     wkB/s   rrqm/s   wrqm/s  %rrqm  %wrqm r_await w_await aqu-sz rareq-sz wareq-sz  svctm  %util
vda              0.00    0.23      0.00      1.29     0.00     0.03   0.00  12.50    0.00  329.36   0.08     0.00     5.54  94.93   2.21
vdb              0.00    0.18      0.00      0.90     0.00     0.02   0.00   8.33    0.00  245.64   0.04     0.00     4.91  99.36   1.82
vdc              0.00    0.00      0.00      0.00     0.00     0.00   0.00   0.00    0.00    0.00   0.00     0.00     0.00   0.00   0.00
dm-0             0.00    0.27      0.00      1.43     0.00     0.00   0.00   0.00    0.00  342.12   0.09     0.00     5.38  83.00   2.21
dm-1             0.00    0.00      0.00      0.00     0.00     0.00   0.00   0.00    0.00    0.00   0.00     0.00     0.00   0.00   0.00
dm-2             0.00    0.20      0.00      1.06     0.00     0.00   0.00   0.00    0.00  245.67   0.05     0.00     5.29  91.08   1.82
dm-3             0.00    0.00      0.00      0.00     0.00     0.00   0.00   0.00    0.00    0.00   0.00     0.00     0.00   0.00   0.00

05/08/21 19:07:15
avg-cpu:  %user   %nice %system %iowait  %steal   %idle
          78.10    0.01   11.13    0.00    2.86    7.90

Device            r/s     w/s     rkB/s     wkB/s   rrqm/s   wrqm/s  %rrqm  %wrqm r_await w_await aqu-sz rareq-sz wareq-sz  svctm  %util
vda              0.00    0.18      0.00      0.62     0.00     0.02   0.00   8.33    0.00  235.45   0.04     0.00     3.36 104.09   1.91
vdb              0.00    0.23      0.00      1.57     0.00     0.02   0.00   6.67    0.00  190.86   0.04     0.00     6.71  74.71   1.74
vdc              0.00    0.00      0.00      0.00     0.00     0.00   0.00   0.00    0.00    0.00   0.00     0.00     0.00   0.00   0.00
dm-0             0.00    0.20      0.00      0.76     0.00     0.00   0.00   0.00    0.00  236.33   0.05     0.00     3.79  95.42   1.91
dm-1             0.00    0.00      0.00      0.00     0.00     0.00   0.00   0.00    0.00    0.00   0.00     0.00     0.00   0.00   0.00
dm-2             0.00    0.25      0.00      1.79     0.00     0.00   0.00   0.00    0.00  199.47   0.05     0.00     7.17  69.80   1.74
dm-3             0.00    0.00      0.00      0.00     0.00     0.00   0.00   0.00    0.00    0.00   0.00     0.00     0.00   0.00   0.00

05/08/21 19:08:15
avg-cpu:  %user   %nice %system %iowait  %steal   %idle
          70.49    0.02   10.10    0.00    2.53   16.86

Device            r/s     w/s     rkB/s     wkB/s   rrqm/s   wrqm/s  %rrqm  %wrqm r_await w_await aqu-sz rareq-sz wareq-sz  svctm  %util
vda              0.00    0.17      0.00      0.54     0.00     0.02   0.00   9.09    0.00  206.30   0.03     0.00     3.25 139.50   2.33
vdb              0.00    0.18      0.00      1.89     0.00     0.02   0.00   8.33    0.00  243.18   0.04     0.00    10.32  90.64   1.66
vdc              0.00    0.00      0.00      0.00     0.00     0.00   0.00   0.00    0.00    0.00   0.00     0.00     0.00   0.00   0.00
dm-0             0.00    0.18      0.00      0.68     0.00     0.00   0.00   0.00    0.00  208.18   0.04     0.00     3.68 126.82   2.33
dm-1             0.00    0.00      0.00      0.00     0.00     0.00   0.00   0.00    0.00    0.00   0.00     0.00     0.00   0.00   0.00
dm-2             0.00    0.20      0.00      2.05     0.00     0.00   0.00   0.00    0.00  247.50   0.05     0.00    10.25  83.08   1.66
dm-3             0.00    0.00      0.00      0.00     0.00     0.00   0.00   0.00    0.00    0.00   0.00     0.00     0.00   0.00   0.00

05/08/21 19:09:15
avg-cpu:  %user   %nice %system %iowait  %steal   %idle
          77.62    0.02   11.81    0.00    2.91    7.64

Device            r/s     w/s     rkB/s     wkB/s   rrqm/s   wrqm/s  %rrqm  %wrqm r_await w_await aqu-sz rareq-sz wareq-sz  svctm  %util
vda              0.00    0.22      0.00      1.34     0.00     0.00   0.00   0.00    0.00  189.92   0.04     0.00     6.19 118.15   2.56
vdb              0.00    0.18      0.00      1.14     0.00     0.00   0.00   0.00    0.00  223.45   0.04     0.00     6.23  89.91   1.65
vdc              0.00    0.00      0.00      0.00     0.00     0.00   0.00   0.00    0.00    0.00   0.00     0.00     0.00   0.00   0.00
dm-0             0.00    0.22      0.00      1.48     0.00     0.00   0.00   0.00    0.00  189.38   0.04     0.00     6.85 118.15   2.56
dm-1             0.00    0.00      0.00      0.00     0.00     0.00   0.00   0.00    0.00    0.00   0.00     0.00     0.00   0.00   0.00
dm-2             0.00    0.18      0.00      1.35     0.00     0.00   0.00   0.00    0.00  223.27   0.04     0.00     7.36  89.91   1.65
dm-3             0.00    0.00      0.00      0.00     0.00     0.00   0.00   0.00    0.00    0.00   0.00     0.00     0.00   0.00   0.00

