Linux 4.18.0-240.22.1.el8_3.x86_64 (k8s2) 	05/09/21 	_x86_64_	(2 CPU)

05/09/21 12:31:02
avg-cpu:  %user   %nice %system %iowait  %steal   %idle
          13.26    0.00    2.19    1.02    0.52    5.15

Device            r/s     w/s     rkB/s     wkB/s   rrqm/s   wrqm/s  %rrqm  %wrqm r_await w_await aqu-sz rareq-sz wareq-sz  svctm  %util
vda              0.17    0.22      8.27      1.44     0.00     0.02   0.00   7.14   47.20  272.23   0.07    49.60     6.65  70.61   2.71
vdb              0.00    0.32      0.00      3.24     0.00     0.05   0.00  13.64    0.00  499.26   0.16     0.00    10.24  92.89   2.94
vdc              8.50    1.30   1946.13     18.13     0.02     0.00   0.20   0.00   76.92   31.56   0.69   228.96    13.95  11.25  11.02
dm-0             0.15    0.22      8.00      1.57     0.00     0.00   0.00   0.00   52.33  299.15   0.07    53.33     7.23  73.82   2.71
dm-1             0.00    0.00      0.00      0.00     0.00     0.00   0.00   0.00    0.00    0.00   0.00     0.00     0.00   0.00   0.00
dm-2             0.00    0.37      0.00      3.40     0.00     0.00   0.00   0.00    0.00  504.18   0.18     0.00     9.27  80.23   2.94
dm-3             8.08    1.30   1923.47     18.47     0.00     0.00   0.00   0.00   77.45   31.47   0.67   237.95    14.21  11.75  11.03

05/09/21 12:32:02
avg-cpu:  %user   %nice %system %iowait  %steal   %idle
          61.82    0.02    8.44    0.00    2.34   27.37

Device            r/s     w/s     rkB/s     wkB/s   rrqm/s   wrqm/s  %rrqm  %wrqm r_await w_await aqu-sz rareq-sz wareq-sz  svctm  %util
vda              0.00    0.22      0.00      1.40     0.00     0.05   0.00  18.75    0.00  282.92   0.06     0.00     6.46  83.46   1.81
vdb              0.00    0.37      0.00      2.23     0.00     0.02   0.00   4.35    0.00  171.32   0.06     0.00     6.09  35.27   1.29
vdc              0.00    0.10      0.00      0.05     0.00     0.00   0.00   0.00    0.00  129.33   0.01     0.00     0.50 129.67   1.30
dm-0             0.00    0.27      0.00      1.52     0.00     0.00   0.00   0.00    0.00  292.25   0.08     0.00     5.69  67.81   1.81
dm-1             0.00    0.00      0.00      0.00     0.00     0.00   0.00   0.00    0.00    0.00   0.00     0.00     0.00   0.00   0.00
dm-2             0.00    0.38      0.00      2.39     0.00     0.00   0.00   0.00    0.00  181.00   0.07     0.00     6.24  33.74   1.29
dm-3             0.00    0.10      0.00      0.08     0.00     0.00   0.00   0.00    0.00  128.83   0.01     0.00     0.83 129.67   1.30

05/09/21 12:33:02
avg-cpu:  %user   %nice %system %iowait  %steal   %idle
          73.53    0.02   10.98    0.00    3.11   12.37

Device            r/s     w/s     rkB/s     wkB/s   rrqm/s   wrqm/s  %rrqm  %wrqm r_await w_await aqu-sz rareq-sz wareq-sz  svctm  %util
vda              0.00    0.12      0.00      0.50     0.00     0.02   0.00  12.50    0.00  114.57   0.01     0.00     4.29 115.29   1.35
vdb              1.05    0.20     17.67      1.04     0.00     0.02   0.00   7.69   34.00  189.42   0.07    16.83     5.21  15.72   1.97
vdc              0.00    0.00      0.00      0.00     0.00     0.00   0.00   0.00    0.00    0.00   0.00     0.00     0.00   0.00   0.00
dm-0             0.00    0.13      0.00      0.67     0.00     0.00   0.00   0.00    0.00  104.25   0.01     0.00     5.00 100.88   1.35
dm-1             0.00    0.00      0.00      0.00     0.00     0.00   0.00   0.00    0.00    0.00   0.00     0.00     0.00   0.00   0.00
dm-2             1.05    0.22     17.67      1.27     0.00     0.00   0.00   0.00   34.08  189.85   0.08    16.83     5.88  15.51   1.97
dm-3             0.00    0.00      0.00      0.00     0.00     0.00   0.00   0.00    0.00    0.00   0.00     0.00     0.00   0.00   0.00

05/09/21 12:34:02
avg-cpu:  %user   %nice %system %iowait  %steal   %idle
          74.07    0.01   10.62    0.00    2.76   12.54

Device            r/s     w/s     rkB/s     wkB/s   rrqm/s   wrqm/s  %rrqm  %wrqm r_await w_await aqu-sz rareq-sz wareq-sz  svctm  %util
vda              0.00    0.32      0.00      2.13     0.00     0.05   0.00  13.64    0.00  335.47   0.11     0.00     6.74 114.00   3.61
vdb              1.23    0.23     56.59      1.48     0.00     0.03   0.00  12.50   81.49  275.64   0.16    45.89     6.36  11.11   1.63
vdc              0.00    0.00      0.00      0.00     0.00     0.00   0.00   0.00    0.00    0.00   0.00     0.00     0.00   0.00   0.00
dm-0             0.00    0.37      0.00      2.25     0.00     0.00   0.00   0.00    0.00  351.77   0.13     0.00     6.14  98.41   3.61
dm-1             0.00    0.00      0.00      0.00     0.00     0.00   0.00   0.00    0.00    0.00   0.00     0.00     0.00   0.00   0.00
dm-2             1.22    0.27     56.59      1.62     0.00     0.00   0.00   0.00   81.36  283.31   0.17    46.52     6.06  10.93   1.62
dm-3             0.00    0.00      0.00      0.00     0.00     0.00   0.00   0.00    0.00    0.00   0.00     0.00     0.00   0.00   0.00

05/09/21 12:35:02
avg-cpu:  %user   %nice %system %iowait  %steal   %idle
          67.83    0.92   10.55    0.45    2.80   17.43

Device            r/s     w/s     rkB/s     wkB/s   rrqm/s   wrqm/s  %rrqm  %wrqm r_await w_await aqu-sz rareq-sz wareq-sz  svctm  %util
vda              0.15    0.42     12.33      3.43     0.00     0.07   0.00  13.79   12.11  492.84   0.21    82.22     8.24  69.06   3.91
vdb              0.15    0.85      1.33    565.99     0.03     0.03  18.18   3.77   31.00  478.94   0.41     8.89   665.87  27.98   2.80
vdc              0.00    0.00      0.00      0.00     0.00     0.00   0.00   0.00    0.00    0.00   0.00     0.00     0.00   0.00   0.00
dm-0             0.15    0.48     12.33      3.64     0.00     0.00   0.00   0.00   11.78  500.48   0.24    82.22     7.53  61.79   3.91
dm-1             0.00    0.00      0.00      0.00     0.00     0.00   0.00   0.00    0.00    0.00   0.00     0.00     0.00   0.00   0.00
dm-2             0.18    0.60      1.33    566.37     0.00     0.00   0.00   0.00   36.27  442.03   0.27     7.27   943.94  35.72   2.80
dm-3             0.00    0.00      0.00      0.00     0.00     0.00   0.00   0.00    0.00    0.00   0.00     0.00     0.00   0.00   0.00

05/09/21 12:36:02
avg-cpu:  %user   %nice %system %iowait  %steal   %idle
          72.32    0.02   10.09    0.28    2.63   14.65

Device            r/s     w/s     rkB/s     wkB/s   rrqm/s   wrqm/s  %rrqm  %wrqm r_await w_await aqu-sz rareq-sz wareq-sz  svctm  %util
vda              0.00    0.18      0.00      1.17     0.00     0.02   0.00   8.33    0.00  224.00   0.04     0.00     6.36  81.18   1.49
vdb              0.00    0.58      0.00    284.42     0.00     0.07   0.00  10.26    0.00  344.63   0.20     0.00   487.57  41.69   2.43
vdc              0.00    0.00      0.00      0.00     0.00     0.00   0.00   0.00    0.00    0.00   0.00     0.00     0.00   0.00   0.00
dm-0             0.00    0.20      0.00      1.26     0.00     0.00   0.00   0.00    0.00  225.50   0.05     0.00     6.29  74.42   1.49
dm-1             0.00    0.00      0.00      0.00     0.00     0.00   0.00   0.00    0.00    0.00   0.00     0.00     0.00   0.00   0.00
dm-2             0.00    0.50      0.00    284.54     0.00     0.00   0.00   0.00    0.00  459.83   0.23     0.00   569.08  48.63   2.43
dm-3             0.00    0.00      0.00      0.00     0.00     0.00   0.00   0.00    0.00    0.00   0.00     0.00     0.00   0.00   0.00

05/09/21 12:37:02
avg-cpu:  %user   %nice %system %iowait  %steal   %idle
          65.80    0.88    9.79    0.18    2.64   20.70

Device            r/s     w/s     rkB/s     wkB/s   rrqm/s   wrqm/s  %rrqm  %wrqm r_await w_await aqu-sz rareq-sz wareq-sz  svctm  %util
vda              6.98    0.13    312.00      0.49     0.00     0.00   0.00   0.00    9.20  193.38   0.09    44.68     3.69  10.19   7.25
vdb              0.82    0.13     65.47      0.84     0.02     0.02   2.00  11.11   13.12  248.38   0.04    80.16     6.31  17.23   1.64
vdc              0.00    0.00      0.00      0.00     0.00     0.00   0.00   0.00    0.00    0.00   0.00     0.00     0.00   0.00   0.00
dm-0             6.95    0.13    312.00      0.65     0.00     0.00   0.00   0.00    9.06  193.12   0.09    44.89     4.88  10.28   7.28
dm-1             0.00    0.00      0.00      0.00     0.00     0.00   0.00   0.00    0.00    0.00   0.00     0.00     0.00   0.00   0.00
dm-2             0.82    0.15     65.47      1.01     0.00     0.00   0.00   0.00   13.24  254.33   0.05    80.16     6.72  16.93   1.64
dm-3             0.00    0.00      0.00      0.00     0.00     0.00   0.00   0.00    0.00    0.00   0.00     0.00     0.00   0.00   0.00

05/09/21 12:38:02
avg-cpu:  %user   %nice %system %iowait  %steal   %idle
          68.03    0.94   10.63    0.08    2.61   17.72

Device            r/s     w/s     rkB/s     wkB/s   rrqm/s   wrqm/s  %rrqm  %wrqm r_await w_await aqu-sz rareq-sz wareq-sz  svctm  %util
vda              0.00    0.33      0.00      2.77     0.00     0.10   0.00  23.08    0.00  261.90   0.09     0.00     8.30  74.65   2.49
vdb              0.00    1.53      0.00    847.79     0.00     0.13   0.00   8.00    0.00  400.53   0.61     0.00   552.91  29.97   4.60
vdc              0.00    0.00      0.00      0.00     0.00     0.00   0.00   0.00    0.00    0.00   0.00     0.00     0.00   0.00   0.00
dm-0             0.00    0.65      0.00      5.16     0.00     0.00   0.00   0.00    0.00  157.28   0.10     0.00     7.94  38.28   2.49
dm-1             0.00    0.00      0.00      0.00     0.00     0.00   0.00   0.00    0.00    0.00   0.00     0.00     0.00   0.00   0.00
dm-2             0.00    1.17      0.00    848.42     0.00     0.00   0.00   0.00    0.00  372.73   0.43     0.00   727.22  39.34   4.59
dm-3             0.00    0.00      0.00      0.00     0.00     0.00   0.00   0.00    0.00    0.00   0.00     0.00     0.00   0.00   0.00

05/09/21 12:39:02
avg-cpu:  %user   %nice %system %iowait  %steal   %idle
          66.79    0.03   10.43    0.00    2.54   20.22

Device            r/s     w/s     rkB/s     wkB/s   rrqm/s   wrqm/s  %rrqm  %wrqm r_await w_await aqu-sz rareq-sz wareq-sz  svctm  %util
vda              0.02    0.37      0.67      2.77     0.00     0.02   0.00   4.35   98.00  400.09   0.15    40.00     7.55  73.65   2.82
vdb              0.00    0.72      0.00    274.30     0.00     0.05   0.00   6.52    0.00  233.67   0.17     0.00   382.74  23.67   1.70
vdc              0.00    0.00      0.00      0.00     0.00     0.00   0.00   0.00    0.00    0.00   0.00     0.00     0.00   0.00   0.00
dm-0             0.02    0.18      0.67      0.86     0.00     0.00   0.00   0.00   98.00  970.09   0.18    40.00     4.68 141.17   2.82
dm-1             0.00    0.00      0.00      0.00     0.00     0.00   0.00   0.00    0.00    0.00   0.00     0.00     0.00   0.00   0.00
dm-2             0.00    0.55      0.00    274.51     0.00     0.00   0.00   0.00    0.00  328.88   0.18     0.00   499.11  30.82   1.70
dm-3             0.00    0.00      0.00      0.00     0.00     0.00   0.00   0.00    0.00    0.00   0.00     0.00     0.00   0.00   0.00

05/09/21 12:40:02
avg-cpu:  %user   %nice %system %iowait  %steal   %idle
          76.39    0.91   11.09    0.27    3.31    8.03

Device            r/s     w/s     rkB/s     wkB/s   rrqm/s   wrqm/s  %rrqm  %wrqm r_await w_await aqu-sz rareq-sz wareq-sz  svctm  %util
vda              0.00    0.20      0.00      0.78     0.00     0.02   0.00   7.69    0.00  136.25   0.03     0.00     3.92 136.75   2.74
vdb              0.00    0.23      0.00      1.52     0.00     0.03   0.00  12.50    0.00  213.36   0.05     0.00     6.54  70.29   1.64
vdc              0.00    0.00      0.00      0.00     0.00     0.00   0.00   0.00    0.00    0.00   0.00     0.00     0.00   0.00   0.00
dm-0             0.00    0.20      0.00      1.11     0.00     0.00   0.00   0.00    0.00  153.08   0.03     0.00     5.54 136.75   2.74
dm-1             0.00    0.00      0.00      0.00     0.00     0.00   0.00   0.00    0.00    0.00   0.00     0.00     0.00   0.00   0.00
dm-2             0.00    0.27      0.00      1.83     0.00     0.00   0.00   0.00    0.00  225.69   0.06     0.00     6.88  61.50   1.64
dm-3             0.00    0.00      0.00      0.00     0.00     0.00   0.00   0.00    0.00    0.00   0.00     0.00     0.00   0.00   0.00

