Linux 4.18.0-240.22.1.el8_3.x86_64 (k8s2) 	05/08/21 	_x86_64_	(2 CPU)

05/08/21 18:49:14
avg-cpu:  %user   %nice %system %iowait  %steal   %idle
           0.02    0.00    0.02    0.00    0.00    0.44

Device            r/s     w/s     rkB/s     wkB/s   rrqm/s   wrqm/s  %rrqm  %wrqm r_await w_await aqu-sz rareq-sz wareq-sz  svctm  %util
vda              0.00    0.45      0.00      3.51     0.00     0.12   0.00  20.59    0.00  580.26   0.26     0.00     7.80  70.22   3.16
vdb              0.00    0.23      0.00      2.23     0.00     0.07   0.00  22.22    0.00  255.21   0.06     0.00     9.54  77.29   1.80
vdc              0.00    0.00      0.00      0.00     0.00     0.00   0.00   0.00    0.00    0.00   0.00     0.00     0.00   0.00   0.00
dm-0             0.00    0.55      0.00      3.44     0.00     0.00   0.00   0.00    0.00  656.33   0.36     0.00     6.26  57.45   3.16
dm-1             0.00    0.00      0.00      0.00     0.00     0.00   0.00   0.00    0.00    0.00   0.00     0.00     0.00   0.00   0.00
dm-2             0.00    0.30      0.00      2.30     0.00     0.00   0.00   0.00    0.00  260.67   0.08     0.00     7.67  60.11   1.80
dm-3             0.00    0.00      0.00      0.00     0.00     0.00   0.00   0.00    0.00    0.00   0.00     0.00     0.00   0.00   0.00

05/08/21 18:50:14
avg-cpu:  %user   %nice %system %iowait  %steal   %idle
           4.58    0.02    3.75    0.00    0.52   91.14

Device            r/s     w/s     rkB/s     wkB/s   rrqm/s   wrqm/s  %rrqm  %wrqm r_await w_await aqu-sz rareq-sz wareq-sz  svctm  %util
vda              0.00    0.23      0.00      1.20     0.00     0.03   0.00  12.50    0.00  245.29   0.06     0.00     5.14  86.79   2.02
vdb              0.00    0.07      0.00      0.09     0.00     0.00   0.00   0.00    0.00  108.75   0.01     0.00     1.38 109.25   0.73
vdc              0.00    0.00      0.00      0.00     0.00     0.00   0.00   0.00    0.00    0.00   0.00     0.00     0.00   0.00   0.00
dm-0             0.00    0.27      0.00      1.32     0.00     0.00   0.00   0.00    0.00  255.69   0.07     0.00     4.94  75.94   2.02
dm-1             0.00    0.00      0.00      0.00     0.00     0.00   0.00   0.00    0.00    0.00   0.00     0.00     0.00   0.00   0.00
dm-2             0.00    0.08      0.00      0.18     0.00     0.00   0.00   0.00    0.00   86.80   0.01     0.00     2.10  87.40   0.73
dm-3             0.00    0.00      0.00      0.00     0.00     0.00   0.00   0.00    0.00    0.00   0.00     0.00     0.00   0.00   0.00

05/08/21 18:51:14
avg-cpu:  %user   %nice %system %iowait  %steal   %idle
           4.65    0.89    3.87    0.03    0.39   90.18

Device            r/s     w/s     rkB/s     wkB/s   rrqm/s   wrqm/s  %rrqm  %wrqm r_await w_await aqu-sz rareq-sz wareq-sz  svctm  %util
vda              0.00    0.25      0.00      1.49     0.00     0.00   0.00   0.00    0.00  162.07   0.04     0.00     5.97  94.20   2.35
vdb              0.00    0.20      0.00      1.38     0.00     0.02   0.00   7.69    0.00  146.67   0.03     0.00     6.88 102.75   2.05
vdc              0.00    0.00      0.00      0.00     0.00     0.00   0.00   0.00    0.00    0.00   0.00     0.00     0.00   0.00   0.00
dm-0             0.00    0.25      0.00      1.92     0.00     0.00   0.00   0.00    0.00  161.93   0.04     0.00     7.67  94.20   2.35
dm-1             0.00    0.00      0.00      0.00     0.00     0.00   0.00   0.00    0.00    0.00   0.00     0.00     0.00   0.00   0.00
dm-2             0.00    0.20      0.00      1.61     0.00     0.00   0.00   0.00    0.00  158.50   0.03     0.00     8.04 102.75   2.05
dm-3             0.00    0.00      0.00      0.00     0.00     0.00   0.00   0.00    0.00    0.00   0.00     0.00     0.00   0.00   0.00

05/08/21 18:52:14
avg-cpu:  %user   %nice %system %iowait  %steal   %idle
           4.59    0.02    3.69    0.17    0.36   91.17

Device            r/s     w/s     rkB/s     wkB/s   rrqm/s   wrqm/s  %rrqm  %wrqm r_await w_await aqu-sz rareq-sz wareq-sz  svctm  %util
vda              0.00    0.37      0.00      2.55     0.00     0.07   0.00  15.38    0.00  582.14   0.21     0.00     6.95  84.14   3.08
vdb              0.00    0.33      0.00      2.32     0.00     0.03   0.00   9.09    0.00  390.35   0.13     0.00     6.95  89.45   2.98
vdc              0.00    0.00      0.00      0.00     0.00     0.00   0.00   0.00    0.00    0.00   0.00     0.00     0.00   0.00   0.00
dm-0             0.00    0.43      0.00      2.67     0.00     0.00   0.00   0.00    0.00  611.15   0.26     0.00     6.15  71.19   3.08
dm-1             0.00    0.00      0.00      0.00     0.00     0.00   0.00   0.00    0.00    0.00   0.00     0.00     0.00   0.00   0.00
dm-2             0.00    0.37      0.00      2.48     0.00     0.00   0.00   0.00    0.00  396.27   0.15     0.00     6.77  81.32   2.98
dm-3             0.00    0.00      0.00      0.00     0.00     0.00   0.00   0.00    0.00    0.00   0.00     0.00     0.00   0.00   0.00

05/08/21 18:53:14
avg-cpu:  %user   %nice %system %iowait  %steal   %idle
           4.65    0.01    3.80    0.00    0.35   91.20

Device            r/s     w/s     rkB/s     wkB/s   rrqm/s   wrqm/s  %rrqm  %wrqm r_await w_await aqu-sz rareq-sz wareq-sz  svctm  %util
vda              0.00    0.15      0.00      0.53     0.00     0.00   0.00   0.00    0.00  231.00   0.03     0.00     3.56 142.44   2.14
vdb              0.00    0.17      0.00      1.46     0.00     0.05   0.00  23.08    0.00  182.10   0.03     0.00     8.75 104.70   1.74
vdc              0.00    0.00      0.00      0.00     0.00     0.00   0.00   0.00    0.00    0.00   0.00     0.00     0.00   0.00   0.00
dm-0             0.00    0.15      0.00      0.67     0.00     0.00   0.00   0.00    0.00  230.67   0.03     0.00     4.44 142.44   2.14
dm-1             0.00    0.00      0.00      0.00     0.00     0.00   0.00   0.00    0.00    0.00   0.00     0.00     0.00   0.00   0.00
dm-2             0.00    0.22      0.00      1.57     0.00     0.00   0.00   0.00    0.00  184.69   0.04     0.00     7.27  80.54   1.74
dm-3             0.00    0.00      0.00      0.00     0.00     0.00   0.00   0.00    0.00    0.00   0.00     0.00     0.00   0.00   0.00

05/08/21 18:54:14
avg-cpu:  %user   %nice %system %iowait  %steal   %idle
           4.65    0.02    3.63    0.00    0.34   91.36

Device            r/s     w/s     rkB/s     wkB/s   rrqm/s   wrqm/s  %rrqm  %wrqm r_await w_await aqu-sz rareq-sz wareq-sz  svctm  %util
vda              0.00    0.23      0.00      1.32     0.00     0.03   0.00  12.50    0.00  247.86   0.06     0.00     5.64  73.21   1.71
vdb              0.00    0.18      0.00      0.97     0.00     0.02   0.00   8.33    0.00  153.45   0.03     0.00     5.32 114.55   2.10
vdc              0.00    0.00      0.00      0.00     0.00     0.00   0.00   0.00    0.00    0.00   0.00     0.00     0.00   0.00   0.00
dm-0             0.00    0.27      0.00      1.48     0.00     0.00   0.00   0.00    0.00  258.38   0.07     0.00     5.56  64.06   1.71
dm-1             0.00    0.00      0.00      0.00     0.00     0.00   0.00   0.00    0.00    0.00   0.00     0.00     0.00   0.00   0.00
dm-2             0.00    0.20      0.00      1.07     0.00     0.00   0.00   0.00    0.00  149.58   0.03     0.00     5.38 105.00   2.10
dm-3             0.00    0.00      0.00      0.00     0.00     0.00   0.00   0.00    0.00    0.00   0.00     0.00     0.00   0.00   0.00

05/08/21 18:55:14
avg-cpu:  %user   %nice %system %iowait  %steal   %idle
           4.67    0.01    3.68    0.00    0.37   91.28

Device            r/s     w/s     rkB/s     wkB/s   rrqm/s   wrqm/s  %rrqm  %wrqm r_await w_await aqu-sz rareq-sz wareq-sz  svctm  %util
vda              0.00    0.13      0.00      0.38     0.00     0.00   0.00   0.00    0.00  183.00   0.02     0.00     2.88 169.25   2.26
vdb              0.00    0.10      0.00      0.45     0.00     0.00   0.00   0.00    0.00  118.67   0.01     0.00     4.50 101.67   1.02
vdc              0.00    0.00      0.00      0.00     0.00     0.00   0.00   0.00    0.00    0.00   0.00     0.00     0.00   0.00   0.00
dm-0             0.00    0.13      0.00      0.50     0.00     0.00   0.00   0.00    0.00  182.88   0.02     0.00     3.75 169.25   2.26
dm-1             0.00    0.00      0.00      0.00     0.00     0.00   0.00   0.00    0.00    0.00   0.00     0.00     0.00   0.00   0.00
dm-2             0.00    0.10      0.00      0.57     0.00     0.00   0.00   0.00    0.00  118.50   0.01     0.00     5.67 101.67   1.02
dm-3             0.00    0.00      0.00      0.00     0.00     0.00   0.00   0.00    0.00    0.00   0.00     0.00     0.00   0.00   0.00

05/08/21 18:56:14
avg-cpu:  %user   %nice %system %iowait  %steal   %idle
           4.56    0.02    3.70    0.00    0.37   91.35

Device            r/s     w/s     rkB/s     wkB/s   rrqm/s   wrqm/s  %rrqm  %wrqm r_await w_await aqu-sz rareq-sz wareq-sz  svctm  %util
vda              0.00    0.15      0.00      0.47     0.00     0.00   0.00   0.00    0.00  157.44   0.02     0.00     3.11  91.78   1.38
vdb              0.00    0.15      0.00      0.84     0.00     0.02   0.00  10.00    0.00  254.33   0.04     0.00     5.61 103.67   1.56
vdc              0.00    0.00      0.00      0.00     0.00     0.00   0.00   0.00    0.00    0.00   0.00     0.00     0.00   0.00   0.00
dm-0             0.00    0.15      0.00      0.60     0.00     0.00   0.00   0.00    0.00  157.33   0.02     0.00     4.00  91.78   1.38
dm-1             0.00    0.00      0.00      0.00     0.00     0.00   0.00   0.00    0.00    0.00   0.00     0.00     0.00   0.00   0.00
dm-2             0.00    0.17      0.00      0.94     0.00     0.00   0.00   0.00    0.00  263.00   0.04     0.00     5.65  93.30   1.56
dm-3             0.00    0.00      0.00      0.00     0.00     0.00   0.00   0.00    0.00    0.00   0.00     0.00     0.00   0.00   0.00

05/08/21 18:57:14
avg-cpu:  %user   %nice %system %iowait  %steal   %idle
           4.57    0.01    3.60    0.18    0.38   91.26

Device            r/s     w/s     rkB/s     wkB/s   rrqm/s   wrqm/s  %rrqm  %wrqm r_await w_await aqu-sz rareq-sz wareq-sz  svctm  %util
vda              0.00    0.17      0.00      0.59     0.00     0.02   0.00   9.09    0.00  162.80   0.03     0.00     3.55 115.90   1.93
vdb              0.00    0.18      0.00      1.14     0.00     0.07   0.00  26.67    0.00  137.73   0.03     0.00     6.23  99.00   1.81
vdc              0.00    0.00      0.00      0.00     0.00     0.00   0.00   0.00    0.00    0.00   0.00     0.00     0.00   0.00   0.00
dm-0             0.00    0.18      0.00      0.71     0.00     0.00   0.00   0.00    0.00  164.82   0.03     0.00     3.86 105.36   1.93
dm-1             0.00    0.00      0.00      0.00     0.00     0.00   0.00   0.00    0.00    0.00   0.00     0.00     0.00   0.00   0.00
dm-2             0.00    0.25      0.00      1.27     0.00     0.00   0.00   0.00    0.00  139.47   0.03     0.00     5.07  72.60   1.81
dm-3             0.00    0.00      0.00      0.00     0.00     0.00   0.00   0.00    0.00    0.00   0.00     0.00     0.00   0.00   0.00

05/08/21 18:58:14
avg-cpu:  %user   %nice %system %iowait  %steal   %idle
           4.69    0.91    3.80    0.09    0.33   90.18

Device            r/s     w/s     rkB/s     wkB/s   rrqm/s   wrqm/s  %rrqm  %wrqm r_await w_await aqu-sz rareq-sz wareq-sz  svctm  %util
vda              0.00    0.18      0.00      0.51     0.00     0.00   0.00   0.00    0.00  145.64   0.03     0.00     2.77 122.27   2.24
vdb              0.00    0.23      0.00      2.67     0.00     0.08   0.00  26.32    0.00  223.36   0.05     0.00    11.46  81.29   1.90
vdc              0.00    0.00      0.00      0.00     0.00     0.00   0.00   0.00    0.00    0.00   0.00     0.00     0.00   0.00   0.00
dm-0             0.00    0.18      0.00      0.82     0.00     0.00   0.00   0.00    0.00  145.36   0.03     0.00     4.45 122.27   2.24
dm-1             0.00    0.00      0.00      0.00     0.00     0.00   0.00   0.00    0.00    0.00   0.00     0.00     0.00   0.00   0.00
dm-2             0.00    0.32      0.00      2.87     0.00     0.00   0.00   0.00    0.00  251.89   0.08     0.00     9.05  59.89   1.90
dm-3             0.00    0.00      0.00      0.00     0.00     0.00   0.00   0.00    0.00    0.00   0.00     0.00     0.00   0.00   0.00

