Linux 4.18.0-240.22.1.el8_3.x86_64 (k8s2) 	05/09/21 	_x86_64_	(2 CPU)

05/09/21 13:07:14
avg-cpu:  %user   %nice %system %iowait  %steal   %idle
           2.06    0.00    0.33    0.00    0.08    0.00

Device            r/s     w/s     rkB/s     wkB/s   rrqm/s   wrqm/s  %rrqm  %wrqm r_await w_await aqu-sz rareq-sz wareq-sz  svctm  %util
vda              0.00    0.17      0.00      0.83     0.00     0.02   0.00   9.09    0.00  172.40   0.03     0.00     4.95  46.00   0.77
vdb              0.00    3.17      0.00   2968.43     0.00     0.02   0.00   0.52    0.00  354.65   1.12     0.00   937.40  14.87   4.71
vdc              0.00    0.00      0.00      0.00     0.00     0.00   0.00   0.00    0.00    0.00   0.00     0.00     0.00   0.00   0.00
dm-0             0.00    0.18      0.00      0.91     0.00     0.00   0.00   0.00    0.00  180.55   0.03     0.00     4.95  41.82   0.77
dm-1             0.00    0.00      0.00      0.00     0.00     0.00   0.00   0.00    0.00    0.00   0.00     0.00     0.00   0.00   0.00
dm-2             0.00    1.73      0.00   2968.93     0.00     0.00   0.00   0.00    0.00  359.89   0.62     0.00  1712.84  28.08   4.87
dm-3             0.00    0.00      0.00      0.00     0.00     0.00   0.00   0.00    0.00    0.00   0.00     0.00     0.00   0.00   0.00

05/09/21 13:08:14
avg-cpu:  %user   %nice %system %iowait  %steal   %idle
          82.20    0.02   14.22    0.00    3.56    0.00

Device            r/s     w/s     rkB/s     wkB/s   rrqm/s   wrqm/s  %rrqm  %wrqm r_await w_await aqu-sz rareq-sz wareq-sz  svctm  %util
vda              0.00    0.22      0.00      1.40     0.00     0.02   0.00   7.14    0.00  279.08   0.06     0.00     6.46 113.69   2.46
vdb              0.00    5.45      0.00   4935.94     0.00     0.12   0.00   2.10    0.00  224.00   1.22     0.00   905.68  10.66   5.81
vdc              0.00    0.00      0.00      0.00     0.00     0.00   0.00   0.00    0.00    0.00   0.00     0.00     0.00   0.00   0.00
dm-0             0.00    0.23      0.00      1.52     0.00     0.00   0.00   0.00    0.00  286.21   0.07     0.00     6.54 105.57   2.46
dm-1             0.00    0.00      0.00      0.00     0.00     0.00   0.00   0.00    0.00    0.00   0.00     0.00     0.00   0.00   0.00
dm-2             0.00    2.90      0.00   4937.28     0.00     0.00   0.00   0.00    0.00  239.74   0.70     0.00  1702.51  18.72   5.43
dm-3             0.00    0.00      0.00      0.00     0.00     0.00   0.00   0.00    0.00    0.00   0.00     0.00     0.00   0.00   0.00

05/09/21 13:09:14
avg-cpu:  %user   %nice %system %iowait  %steal   %idle
          82.90    0.02   13.51    0.00    3.58    0.00

Device            r/s     w/s     rkB/s     wkB/s   rrqm/s   wrqm/s  %rrqm  %wrqm r_await w_await aqu-sz rareq-sz wareq-sz  svctm  %util
vda              0.00    0.15      0.00      0.77     0.00     0.00   0.00   0.00    0.00  173.11   0.03     0.00     5.11 153.11   2.30
vdb              0.00    8.65      0.00   7480.43     0.00     0.08   0.00   0.95    0.00  349.50   3.02     0.00   864.79  10.80   9.35
vdc              0.00    0.00      0.00      0.00     0.00     0.00   0.00   0.00    0.00    0.00   0.00     0.00     0.00   0.00   0.00
dm-0             0.00    0.15      0.00      0.87     0.00     0.00   0.00   0.00    0.00  172.78   0.03     0.00     5.78 153.11   2.30
dm-1             0.00    0.00      0.00      0.00     0.00     0.00   0.00   0.00    0.00    0.00   0.00     0.00     0.00   0.00   0.00
dm-2             0.00    4.15      0.00   7481.95     0.00     0.00   0.00   0.00    0.00  358.33   1.49     0.00  1802.88  22.18   9.21
dm-3             0.00    0.00      0.00      0.00     0.00     0.00   0.00   0.00    0.00    0.00   0.00     0.00     0.00   0.00   0.00

05/09/21 13:10:14
avg-cpu:  %user   %nice %system %iowait  %steal   %idle
          82.58    0.02   13.47    0.00    3.93    0.00

Device            r/s     w/s     rkB/s     wkB/s   rrqm/s   wrqm/s  %rrqm  %wrqm r_await w_await aqu-sz rareq-sz wareq-sz  svctm  %util
vda              0.00    0.35      0.00      1.68     0.00     0.00   0.00   0.00    0.00  148.57   0.05     0.00     4.79  79.24   2.77
vdb              0.00    8.70      0.00   7080.04     0.00     0.12   0.00   1.32    0.00  181.26   1.57     0.00   813.80   7.39   6.43
vdc              0.00    0.00      0.00      0.00     0.00     0.00   0.00   0.00    0.00    0.00   0.00     0.00     0.00   0.00   0.00
dm-0             0.00    0.35      0.00      1.82     0.00     0.00   0.00   0.00    0.00  148.19   0.05     0.00     5.19  79.24   2.77
dm-1             0.00    0.00      0.00      0.00     0.00     0.00   0.00   0.00    0.00    0.00   0.00     0.00     0.00   0.00   0.00
dm-2             0.00    3.93      0.00   7080.90     0.00     0.00   0.00   0.00    0.00  199.97   0.79     0.00  1800.23  16.08   6.32
dm-3             0.00    0.00      0.00      0.00     0.00     0.00   0.00   0.00    0.00    0.00   0.00     0.00     0.00   0.00   0.00

05/09/21 13:11:14
avg-cpu:  %user   %nice %system %iowait  %steal   %idle
          81.86    0.02   14.41    0.00    3.71    0.00

Device            r/s     w/s     rkB/s     wkB/s   rrqm/s   wrqm/s  %rrqm  %wrqm r_await w_await aqu-sz rareq-sz wareq-sz  svctm  %util
vda              0.00    0.45      0.00      2.57     0.00     0.02   0.00   3.57    0.00  197.63   0.09     0.00     5.70  87.07   3.92
vdb              0.00   10.77      0.00   8242.31     0.00     0.10   0.00   0.92    0.00  290.48   3.12     0.00   765.54   9.79  10.54
vdc              0.00    0.00      0.00      0.00     0.00     0.00   0.00   0.00    0.00    0.00   0.00     0.00     0.00   0.00   0.00
dm-0             0.00    0.47      0.00      2.73     0.00     0.00   0.00   0.00    0.00  202.75   0.09     0.00     5.84  87.68   4.09
dm-1             0.00    0.00      0.00      0.00     0.00     0.00   0.00   0.00    0.00    0.00   0.00     0.00     0.00   0.00   0.00
dm-2             0.00    4.68      0.00   8244.33     0.00     0.00   0.00   0.00    0.00  312.57   1.46     0.00  1760.36  21.89  10.25
dm-3             0.00    0.00      0.00      0.00     0.00     0.00   0.00   0.00    0.00    0.00   0.00     0.00     0.00   0.00   0.00

05/09/21 13:12:14
avg-cpu:  %user   %nice %system %iowait  %steal   %idle
          82.59    0.01   13.69    0.00    3.72    0.00

Device            r/s     w/s     rkB/s     wkB/s   rrqm/s   wrqm/s  %rrqm  %wrqm r_await w_await aqu-sz rareq-sz wareq-sz  svctm  %util
vda              0.00    0.22      0.00      1.02     0.00     0.00   0.00   0.00    0.00  226.62   0.05     0.00     4.69 140.77   3.05
vdb              0.00   10.60      0.00   8054.77     0.00     0.12   0.00   1.09    0.00  247.83   2.62     0.00   760.01   9.47  10.03
vdc              0.00    0.00      0.00      0.00     0.00     0.00   0.00   0.00    0.00    0.00   0.00     0.00     0.00   0.00   0.00
dm-0             0.00    0.22      0.00      1.17     0.00     0.00   0.00   0.00    0.00  226.31   0.05     0.00     5.38 140.85   3.05
dm-1             0.00    0.00      0.00      0.00     0.00     0.00   0.00   0.00    0.00    0.00   0.00     0.00     0.00   0.00   0.00
dm-2             0.00    4.53      0.00   8056.12     0.00     0.00   0.00   0.00    0.00  273.81   1.24     0.00  1777.38  21.01   9.53
dm-3             0.00    0.00      0.00      0.00     0.00     0.00   0.00   0.00    0.00    0.00   0.00     0.00     0.00   0.00   0.00

05/09/21 13:13:14
avg-cpu:  %user   %nice %system %iowait  %steal   %idle
          82.40    0.97   13.16    0.00    3.47    0.00

Device            r/s     w/s     rkB/s     wkB/s   rrqm/s   wrqm/s  %rrqm  %wrqm r_await w_await aqu-sz rareq-sz wareq-sz  svctm  %util
vda              0.02    0.23      0.07      1.24     0.00     0.02   0.00   6.67   94.00  210.14   0.05     4.00     5.32 110.60   2.77
vdb              0.00    4.72      0.00   2967.67     0.00     0.05   0.00   1.05    0.00  172.70   0.81     0.00   629.19  10.97   5.17
vdc              0.00    0.00      0.00      0.00     0.00     0.00   0.00   0.00    0.00    0.00   0.00     0.00     0.00   0.00   0.00
dm-0             0.02    0.25      0.07      1.47     0.00     0.00   0.00   0.00   93.00  220.13   0.06     4.00     5.90 103.69   2.77
dm-1             0.00    0.00      0.00      0.00     0.00     0.00   0.00   0.00    0.00    0.00   0.00     0.00     0.00   0.00   0.00
dm-2             0.00    1.92      0.00   2969.05     0.00     0.00   0.00   0.00    0.00  206.45   0.40     0.00  1549.07  25.10   4.81
dm-3             0.00    0.00      0.00      0.00     0.00     0.00   0.00   0.00    0.00    0.00   0.00     0.00     0.00   0.00   0.00

05/09/21 13:14:14
avg-cpu:  %user   %nice %system %iowait  %steal   %idle
          83.46    0.01   12.65    0.00    3.88    0.00

Device            r/s     w/s     rkB/s     wkB/s   rrqm/s   wrqm/s  %rrqm  %wrqm r_await w_await aqu-sz rareq-sz wareq-sz  svctm  %util
vda              0.00    0.45      0.00      4.13     0.00     0.13   0.00  22.86    0.00  521.52   0.23     0.00     9.19  58.07   2.61
vdb              0.00    8.25      0.00   5793.97     0.00     0.12   0.00   1.39    0.00  237.08   1.95     0.00   702.30  10.34   8.53
vdc              0.00    0.00      0.00      0.00     0.00     0.00   0.00   0.00    0.00    0.00   0.00     0.00     0.00   0.00   0.00
dm-0             0.00    0.58      0.00      4.29     0.00     0.00   0.00   0.00    0.00  556.51   0.32     0.00     7.36  47.80   2.79
dm-1             0.00    0.00      0.00      0.00     0.00     0.00   0.00   0.00    0.00    0.00   0.00     0.00     0.00   0.00   0.00
dm-2             0.00    3.70      0.00   5795.71     0.00     0.00   0.00   0.00    0.00  261.00   0.97     0.00  1566.41  22.22   8.22
dm-3             0.00    0.00      0.00      0.00     0.00     0.00   0.00   0.00    0.00    0.00   0.00     0.00     0.00   0.00   0.00

05/09/21 13:15:14
avg-cpu:  %user   %nice %system %iowait  %steal   %idle
          81.80    0.03   14.35    0.00    3.83    0.00

Device            r/s     w/s     rkB/s     wkB/s   rrqm/s   wrqm/s  %rrqm  %wrqm r_await w_await aqu-sz rareq-sz wareq-sz  svctm  %util
vda              0.00    0.22      0.00      1.38     0.00     0.02   0.00   7.14    0.00  226.85   0.05     0.00     6.38  88.69   1.92
vdb              0.00    7.30      0.00   4850.77     0.00     0.15   0.00   2.01    0.00  157.12   1.14     0.00   664.49  10.94   7.99
vdc              0.00    0.00      0.00      0.00     0.00     0.00   0.00   0.00    0.00    0.00   0.00     0.00     0.00   0.00   0.00
dm-0             0.00    0.23      0.00      1.49     0.00     0.00   0.00   0.00    0.00  229.36   0.05     0.00     6.39  82.36   1.92
dm-1             0.00    0.00      0.00      0.00     0.00     0.00   0.00   0.00    0.00    0.00   0.00     0.00     0.00   0.00   0.00
dm-2             0.00    3.13      0.00   4852.57     0.00     0.00   0.00   0.00    0.00  191.79   0.60     0.00  1548.69  25.85   8.10
dm-3             0.00    0.00      0.00      0.00     0.00     0.00   0.00   0.00    0.00    0.00   0.00     0.00     0.00   0.00   0.00

05/09/21 13:16:14
avg-cpu:  %user   %nice %system %iowait  %steal   %idle
          82.28    0.02   14.05    0.00    3.65    0.00

Device            r/s     w/s     rkB/s     wkB/s   rrqm/s   wrqm/s  %rrqm  %wrqm r_await w_await aqu-sz rareq-sz wareq-sz  svctm  %util
vda              0.00    0.13      0.00      0.58     0.00     0.02   0.00  11.11    0.00  118.00   0.02     0.00     4.38  93.62   1.25
vdb              0.00    9.22      0.00   5994.34     0.00     0.18   0.00   1.95    0.00  190.47   1.75     0.00   650.49  10.22   9.42
vdc              0.00    0.00      0.00      0.00     0.00     0.00   0.00   0.00    0.00    0.00   0.00     0.00     0.00   0.00   0.00
dm-0             0.00    0.15      0.00      0.70     0.00     0.00   0.00   0.00    0.00  115.89   0.02     0.00     4.67  83.22   1.25
dm-1             0.00    0.00      0.00      0.00     0.00     0.00   0.00   0.00    0.00    0.00   0.00     0.00     0.00   0.00   0.00
dm-2             0.00    3.78      0.00   5996.12     0.00     0.00   0.00   0.00    0.00  217.41   0.82     0.00  1585.14  23.82   9.01
dm-3             0.00    0.00      0.00      0.00     0.00     0.00   0.00   0.00    0.00    0.00   0.00     0.00     0.00   0.00   0.00

