Linux 4.18.0-240.22.1.el8_3.x86_64 (k8s2) 	05/09/21 	_x86_64_	(2 CPU)

05/09/21 12:42:03
avg-cpu:  %user   %nice %system %iowait  %steal   %idle
           5.36    0.06    0.84    0.00    0.22    0.00

Device            r/s     w/s     rkB/s     wkB/s   rrqm/s   wrqm/s  %rrqm  %wrqm r_await w_await aqu-sz rareq-sz wareq-sz  svctm  %util
vda              0.10    0.37      1.40      2.43     0.00     0.03   0.00   8.33   18.17  202.27   0.08    14.00     6.64  64.64   3.02
vdb              0.00    0.27      0.00      2.08     0.00     0.02   0.00   5.88    0.00  171.44   0.05     0.00     7.78  85.31   2.27
vdc              0.00    0.00      0.00      0.00     0.00     0.00   0.00   0.00    0.00    0.00   0.00     0.00     0.00   0.00   0.00
dm-0             0.10    0.38      1.40      2.25     0.00     0.00   0.00   0.00   17.67  212.91   0.08    14.00     5.87  62.38   3.01
dm-1             0.00    0.00      0.00      0.00     0.00     0.00   0.00   0.00    0.00    0.00   0.00     0.00     0.00   0.00   0.00
dm-2             0.00    0.28      0.00      2.61     0.00     0.00   0.00   0.00    0.00  174.71   0.05     0.00     9.21  80.29   2.27
dm-3             0.00    0.00      0.00      0.00     0.00     0.00   0.00   0.00    0.00    0.00   0.00     0.00     0.00   0.00   0.00

05/09/21 12:43:03
avg-cpu:  %user   %nice %system %iowait  %steal   %idle
          84.02    0.02   12.62    0.00    3.34    0.00

Device            r/s     w/s     rkB/s     wkB/s   rrqm/s   wrqm/s  %rrqm  %wrqm r_await w_await aqu-sz rareq-sz wareq-sz  svctm  %util
vda              0.00    0.38      0.00      2.95     0.00     0.07   0.00  14.81    0.00  501.35   0.19     0.00     7.70  48.78   1.87
vdb              0.02    0.72     10.60      5.09     0.00     0.10   0.00  12.24   12.00  288.16   0.21   636.00     7.10  42.09   3.09
vdc              0.00    0.00      0.00      0.00     0.00     0.00   0.00   0.00    0.00    0.00   0.00     0.00     0.00   0.00   0.00
dm-0             0.00    0.45      0.00      3.13     0.00     0.00   0.00   0.00    0.00  516.52   0.23     0.00     6.96  41.56   1.87
dm-1             0.00    0.00      0.00      0.00     0.00     0.00   0.00   0.00    0.00    0.00   0.00     0.00     0.00   0.00   0.00
dm-2             0.02    0.82     10.60      5.55     0.00     0.00   0.00   0.00   13.00  310.45   0.25   636.00     6.80  37.02   3.08
dm-3             0.00    0.00      0.00      0.00     0.00     0.00   0.00   0.00    0.00    0.00   0.00     0.00     0.00   0.00   0.00

05/09/21 12:44:03
avg-cpu:  %user   %nice %system %iowait  %steal   %idle
          83.82    0.01   12.80    0.00    3.37    0.00

Device            r/s     w/s     rkB/s     wkB/s   rrqm/s   wrqm/s  %rrqm  %wrqm r_await w_await aqu-sz rareq-sz wareq-sz  svctm  %util
vda              0.00    0.18      0.00      1.22     0.00     0.00   0.00   0.00    0.00  168.73   0.03     0.00     6.68 100.36   1.84
vdb              0.00    0.27      0.00      2.33     0.00     0.07   0.00  20.00    0.00  207.88   0.06     0.00     8.75  67.56   1.80
vdc              0.00    0.00      0.00      0.00     0.00     0.00   0.00   0.00    0.00    0.00   0.00     0.00     0.00   0.00   0.00
dm-0             0.00    0.18      0.00      1.32     0.00     0.00   0.00   0.00    0.00  168.55   0.03     0.00     7.18 100.36   1.84
dm-1             0.00    0.00      0.00      0.00     0.00     0.00   0.00   0.00    0.00    0.00   0.00     0.00     0.00   0.00   0.00
dm-2             0.00    0.33      0.00      2.65     0.00     0.00   0.00   0.00    0.00  204.35   0.07     0.00     7.95  54.05   1.80
dm-3             0.00    0.00      0.00      0.00     0.00     0.00   0.00   0.00    0.00    0.00   0.00     0.00     0.00   0.00   0.00

05/09/21 12:45:03
avg-cpu:  %user   %nice %system %iowait  %steal   %idle
          83.11    0.02   11.29    0.00    3.39    2.19

Device            r/s     w/s     rkB/s     wkB/s   rrqm/s   wrqm/s  %rrqm  %wrqm r_await w_await aqu-sz rareq-sz wareq-sz  svctm  %util
vda              0.00    0.17      0.00      0.89     0.00     0.00   0.00   0.00    0.00  168.70   0.03     0.00     5.35 112.00   1.87
vdb              0.00    0.22      0.00      1.42     0.00     0.00   0.00   0.00    0.00  174.54   0.04     0.00     6.54  57.38   1.24
vdc              0.00    0.00      0.00      0.00     0.00     0.00   0.00   0.00    0.00    0.00   0.00     0.00     0.00   0.00   0.00
dm-0             0.00    0.17      0.00      0.98     0.00     0.00   0.00   0.00    0.00  168.70   0.03     0.00     5.90 112.00   1.87
dm-1             0.00    0.00      0.00      0.00     0.00     0.00   0.00   0.00    0.00    0.00   0.00     0.00     0.00   0.00   0.00
dm-2             0.00    0.22      0.00      1.70     0.00     0.00   0.00   0.00    0.00  174.08   0.04     0.00     7.85  57.38   1.24
dm-3             0.00    0.00      0.00      0.00     0.00     0.00   0.00   0.00    0.00    0.00   0.00     0.00     0.00   0.00   0.00

05/09/21 12:46:03
avg-cpu:  %user   %nice %system %iowait  %steal   %idle
          83.12    0.02   13.55    0.00    3.29    0.03

Device            r/s     w/s     rkB/s     wkB/s   rrqm/s   wrqm/s  %rrqm  %wrqm r_await w_await aqu-sz rareq-sz wareq-sz  svctm  %util
vda              0.02    0.17      1.80      0.89     0.00     0.00   0.00   0.00   32.00  225.80   0.04   108.00     5.35  83.18   1.52
vdb              0.15    0.27    118.93      1.59     0.02     0.03  10.00  11.11   70.44  255.19   0.08   792.89     5.97  41.52   1.73
vdc              0.00    0.00      0.00      0.00     0.00     0.00   0.00   0.00    0.00    0.00   0.00     0.00     0.00   0.00   0.00
dm-0             0.02    0.17      1.80      0.98     0.00     0.00   0.00   0.00   32.00  225.60   0.04   108.00     5.90  83.18   1.52
dm-1             0.00    0.00      0.00      0.00     0.00     0.00   0.00   0.00    0.00    0.00   0.00     0.00     0.00   0.00   0.00
dm-2             0.10    0.30    118.93      1.83     0.00     0.00   0.00   0.00   68.50  261.72   0.09  1189.33     6.11  43.29   1.73
dm-3             0.00    0.00      0.00      0.00     0.00     0.00   0.00   0.00    0.00    0.00   0.00     0.00     0.00   0.00   0.00

05/09/21 12:47:03
avg-cpu:  %user   %nice %system %iowait  %steal   %idle
          83.07    0.02   13.42    0.00    3.44    0.06

Device            r/s     w/s     rkB/s     wkB/s   rrqm/s   wrqm/s  %rrqm  %wrqm r_await w_await aqu-sz rareq-sz wareq-sz  svctm  %util
vda              0.00    0.20      0.00      1.12     0.00     0.02   0.00   7.69    0.00  204.58   0.04     0.00     5.58  73.08   1.46
vdb              0.00    0.25      0.00      1.58     0.00     0.02   0.00   6.25    0.00  274.53   0.07     0.00     6.33  75.47   1.89
vdc              0.00    0.00      0.00      0.00     0.00     0.00   0.00   0.00    0.00    0.00   0.00     0.00     0.00   0.00   0.00
dm-0             0.00    0.22      0.00      1.23     0.00     0.00   0.00   0.00    0.00  210.00   0.05     0.00     5.65  67.46   1.46
dm-1             0.00    0.00      0.00      0.00     0.00     0.00   0.00   0.00    0.00    0.00   0.00     0.00     0.00   0.00   0.00
dm-2             0.00    0.27      0.00      1.89     0.00     0.00   0.00   0.00    0.00  279.75   0.07     0.00     7.09  70.75   1.89
dm-3             0.00    0.00      0.00      0.00     0.00     0.00   0.00   0.00    0.00    0.00   0.00     0.00     0.00   0.00   0.00

05/09/21 12:48:03
avg-cpu:  %user   %nice %system %iowait  %steal   %idle
          83.95    0.01   12.71    0.00    3.32    0.02

Device            r/s     w/s     rkB/s     wkB/s   rrqm/s   wrqm/s  %rrqm  %wrqm r_await w_await aqu-sz rareq-sz wareq-sz  svctm  %util
vda              0.02    0.22      1.80      1.33     0.00     0.02   0.00   7.14  101.00  225.08   0.05   108.00     6.15  95.71   2.23
vdb              0.00    0.35      0.00      2.43     0.00     0.02   0.00   4.55    0.00  240.29   0.08     0.00     6.95  71.86   2.51
vdc              0.00    0.00      0.00      0.00     0.00     0.00   0.00   0.00    0.00    0.00   0.00     0.00     0.00   0.00   0.00
dm-0             0.02    0.25      1.80      1.52     0.00     0.00   0.00   0.00  101.00  210.67   0.05   108.00     6.10  83.75   2.23
dm-1             0.00    0.00      0.00      0.00     0.00     0.00   0.00   0.00    0.00    0.00   0.00     0.00     0.00   0.00   0.00
dm-2             0.00    0.37      0.00      2.93     0.00     0.00   0.00   0.00    0.00  237.45   0.09     0.00     7.98  68.59   2.51
dm-3             0.00    0.00      0.00      0.00     0.00     0.00   0.00   0.00    0.00    0.00   0.00     0.00     0.00   0.00   0.00

05/09/21 12:49:03
avg-cpu:  %user   %nice %system %iowait  %steal   %idle
          83.32    0.01   13.22    0.00    3.45    0.00

Device            r/s     w/s     rkB/s     wkB/s   rrqm/s   wrqm/s  %rrqm  %wrqm r_await w_await aqu-sz rareq-sz wareq-sz  svctm  %util
vda              0.00    0.18      0.00      0.58     0.00     0.00   0.00   0.00    0.00  180.00   0.03     0.00     3.18 100.36   1.84
vdb              0.00    0.22      0.00      1.55     0.00     0.02   0.00   7.14    0.00  167.00   0.04     0.00     7.15  60.54   1.31
vdc              0.00    0.00      0.00      0.00     0.00     0.00   0.00   0.00    0.00    0.00   0.00     0.00     0.00   0.00   0.00
dm-0             0.00    0.17      0.00      0.63     0.00     0.00   0.00   0.00    0.00  197.70   0.03     0.00     3.80 110.40   1.84
dm-1             0.00    0.00      0.00      0.00     0.00     0.00   0.00   0.00    0.00    0.00   0.00     0.00     0.00   0.00   0.00
dm-2             0.00    0.23      0.00      1.82     0.00     0.00   0.00   0.00    0.00  167.93   0.04     0.00     7.82  56.21   1.31
dm-3             0.00    0.00      0.00      0.00     0.00     0.00   0.00   0.00    0.00    0.00   0.00     0.00     0.00   0.00   0.00

05/09/21 12:50:03
avg-cpu:  %user   %nice %system %iowait  %steal   %idle
          83.68    0.01   12.69    0.00    3.57    0.05

Device            r/s     w/s     rkB/s     wkB/s   rrqm/s   wrqm/s  %rrqm  %wrqm r_await w_await aqu-sz rareq-sz wareq-sz  svctm  %util
vda              0.00    0.17      0.00      0.53     0.00     0.03   0.00  16.67    0.00  228.80   0.04     0.00     3.20 100.60   1.68
vdb              0.00    0.22      0.00      1.46     0.00     0.02   0.00   7.14    0.00  225.00   0.05     0.00     6.73  67.46   1.46
vdc              0.00    0.00      0.00      0.00     0.00     0.00   0.00   0.00    0.00    0.00   0.00     0.00     0.00   0.00   0.00
dm-0             0.00    0.20      0.00      0.65     0.00     0.00   0.00   0.00    0.00  235.25   0.05     0.00     3.25  83.83   1.68
dm-1             0.00    0.00      0.00      0.00     0.00     0.00   0.00   0.00    0.00    0.00   0.00     0.00     0.00   0.00   0.00
dm-2             0.00    0.23      0.00      1.64     0.00     0.00   0.00   0.00    0.00  232.36   0.05     0.00     7.04  62.64   1.46
dm-3             0.00    0.00      0.00      0.00     0.00     0.00   0.00   0.00    0.00    0.00   0.00     0.00     0.00   0.00   0.00

05/09/21 12:51:03
avg-cpu:  %user   %nice %system %iowait  %steal   %idle
          83.48    0.02   12.51    0.00    3.36    0.64

Device            r/s     w/s     rkB/s     wkB/s   rrqm/s   wrqm/s  %rrqm  %wrqm r_await w_await aqu-sz rareq-sz wareq-sz  svctm  %util
vda              0.00    0.18      0.00      0.78     0.00     0.00   0.00   0.00    0.00  160.18   0.03     0.00     4.23 113.36   2.08
vdb              0.00    0.13      0.00      0.81     0.00     0.00   0.00   0.00    0.00  201.12   0.03     0.00     6.06  88.25   1.18
vdc              0.00    0.00      0.00      0.00     0.00     0.00   0.00   0.00    0.00    0.00   0.00     0.00     0.00   0.00   0.00
dm-0             0.00    0.18      0.00      0.88     0.00     0.00   0.00   0.00    0.00  159.82   0.03     0.00     4.82 113.36   2.08
dm-1             0.00    0.00      0.00      0.00     0.00     0.00   0.00   0.00    0.00    0.00   0.00     0.00     0.00   0.00   0.00
dm-2             0.00    0.13      0.00      1.08     0.00     0.00   0.00   0.00    0.00  200.75   0.03     0.00     8.12  88.25   1.18
dm-3             0.00    0.00      0.00      0.00     0.00     0.00   0.00   0.00    0.00    0.00   0.00     0.00     0.00   0.00   0.00

