Linux 4.18.0-240.22.1.el8_3.x86_64 (k8s4) 	05/08/21 	_x86_64_	(2 CPU)

05/08/21 20:11:28
avg-cpu:  %user   %nice %system %iowait  %steal   %idle
           0.29    0.00    0.04    0.00    0.01    0.00

Device            r/s     w/s     rkB/s     wkB/s   rrqm/s   wrqm/s  %rrqm  %wrqm r_await w_await aqu-sz rareq-sz wareq-sz  svctm  %util
vda              0.00    0.32      0.00      2.20     0.00     0.05   0.00  13.64    0.00   61.32   0.02     0.00     6.95  20.79   0.66
vdb              0.00    0.27      0.00      1.97     0.00     0.05   0.00  15.79    0.00   65.06   0.02     0.00     7.38  33.63   0.90
vdc              0.00    0.00      0.00      0.00     0.00     0.00   0.00   0.00    0.00    0.00   0.00     0.00     0.00   0.00   0.00
dm-0             0.00    0.37      0.00      2.38     0.00     0.00   0.00   0.00    0.00   64.64   0.02     0.00     6.50  17.95   0.66
dm-1             0.00    0.00      0.00      0.00     0.00     0.00   0.00   0.00    0.00    0.00   0.00     0.00     0.00   0.00   0.00
dm-2             0.00    0.00      0.00      0.00     0.00     0.00   0.00   0.00    0.00    0.00   0.00     0.00     0.00   0.00   0.00
dm-3             0.00    0.32      0.00      2.27     0.00     0.00   0.00   0.00    0.00   66.37   0.02     0.00     7.16  28.32   0.90

05/08/21 20:12:28
avg-cpu:  %user   %nice %system %iowait  %steal   %idle
          82.57    0.03   13.67    0.00    3.71    0.03

Device            r/s     w/s     rkB/s     wkB/s   rrqm/s   wrqm/s  %rrqm  %wrqm r_await w_await aqu-sz rareq-sz wareq-sz  svctm  %util
vda              0.00    0.22      0.00      1.40     0.00     0.05   0.00  18.75    0.00  119.31   0.03     0.00     6.46  28.31   0.61
vdb              0.00    0.27      0.00      1.70     0.00     0.02   0.00   5.88    0.00   51.81   0.01     0.00     6.38  40.44   1.08
vdc              0.00    0.00      0.00      0.00     0.00     0.00   0.00   0.00    0.00    0.00   0.00     0.00     0.00   0.00   0.00
dm-0             0.00    0.27      0.00      1.52     0.00     0.00   0.00   0.00    0.00  121.75   0.03     0.00     5.69  23.00   0.61
dm-1             0.00    0.00      0.00      0.00     0.00     0.00   0.00   0.00    0.00    0.00   0.00     0.00     0.00   0.00   0.00
dm-2             0.00    0.00      0.00      0.00     0.00     0.00   0.00   0.00    0.00    0.00   0.00     0.00     0.00   0.00   0.00
dm-3             0.00    0.28      0.00      2.20     0.00     0.00   0.00   0.00    0.00   52.41   0.01     0.00     7.76  38.06   1.08

05/08/21 20:13:28
avg-cpu:  %user   %nice %system %iowait  %steal   %idle
          83.91    0.02   12.34    0.00    3.66    0.07

Device            r/s     w/s     rkB/s     wkB/s   rrqm/s   wrqm/s  %rrqm  %wrqm r_await w_await aqu-sz rareq-sz wareq-sz  svctm  %util
vda              0.00    0.10      0.00      0.32     0.00     0.02   0.00  14.29    0.00   42.67   0.00     0.00     3.17  43.50   0.43
vdb              0.00    0.40      0.00      2.83     0.00     0.08   0.00  17.24    0.00   93.00   0.04     0.00     7.06  23.83   0.95
vdc              0.00    0.00      0.00      0.00     0.00     0.00   0.00   0.00    0.00    0.00   0.00     0.00     0.00   0.00   0.00
dm-0             0.00    0.12      0.00      0.43     0.00     0.00   0.00   0.00    0.00   45.14   0.01     0.00     3.71  37.14   0.43
dm-1             0.00    0.00      0.00      0.00     0.00     0.00   0.00   0.00    0.00    0.00   0.00     0.00     0.00   0.00   0.00
dm-2             0.00    0.00      0.00      0.00     0.00     0.00   0.00   0.00    0.00    0.00   0.00     0.00     0.00   0.00   0.00
dm-3             0.00    0.50      0.00      3.09     0.00     0.00   0.00   0.00    0.00   92.63   0.05     0.00     6.18  19.07   0.95

05/08/21 20:14:28
avg-cpu:  %user   %nice %system %iowait  %steal   %idle
          82.94    0.02   13.27    0.00    3.75    0.03

Device            r/s     w/s     rkB/s     wkB/s   rrqm/s   wrqm/s  %rrqm  %wrqm r_await w_await aqu-sz rareq-sz wareq-sz  svctm  %util
vda              0.00    0.10      0.00      0.51     0.00     0.02   0.00  14.29    0.00   43.67   0.00     0.00     5.08  33.67   0.34
vdb              0.00    1.00      0.00    506.95     0.00     0.02   0.00   1.64    0.00   34.52   0.03     0.00   506.95  12.33   1.23
vdc              0.00    0.00      0.00      0.00     0.00     0.00   0.00   0.00    0.00    0.00   0.00     0.00     0.00   0.00   0.00
dm-0             0.00    0.12      0.00      0.62     0.00     0.00   0.00   0.00    0.00   42.00   0.00     0.00     5.29  28.86   0.34
dm-1             0.00    0.00      0.00      0.00     0.00     0.00   0.00   0.00    0.00    0.00   0.00     0.00     0.00   0.00   0.00
dm-2             0.00    0.00      0.00      0.00     0.00     0.00   0.00   0.00    0.00    0.00   0.00     0.00     0.00   0.00   0.00
dm-3             0.00    0.58      0.00    507.23     0.00     0.00   0.00   0.00    0.00   45.94   0.03     0.00   869.54  20.43   1.19

05/08/21 20:15:28
avg-cpu:  %user   %nice %system %iowait  %steal   %idle
          82.74    0.03   13.23    0.00    3.88    0.13

Device            r/s     w/s     rkB/s     wkB/s   rrqm/s   wrqm/s  %rrqm  %wrqm r_await w_await aqu-sz rareq-sz wareq-sz  svctm  %util
vda              0.00    0.12      0.00      0.55     0.00     0.02   0.00  12.50    0.00   63.57   0.01     0.00     4.71  64.43   0.75
vdb              0.00    0.28      0.00      2.23     0.00     0.07   0.00  19.05    0.00   97.00   0.03     0.00     7.85  19.94   0.57
vdc              0.00    0.00      0.00      0.00     0.00     0.00   0.00   0.00    0.00    0.00   0.00     0.00     0.00   0.00   0.00
dm-0             0.00    0.13      0.00      0.70     0.00     0.00   0.00   0.00    0.00   74.12   0.01     0.00     5.25  56.38   0.75
dm-1             0.00    0.00      0.00      0.00     0.00     0.00   0.00   0.00    0.00    0.00   0.00     0.00     0.00   0.00   0.00
dm-2             0.00    0.00      0.00      0.00     0.00     0.00   0.00   0.00    0.00    0.00   0.00     0.00     0.00   0.00   0.00
dm-3             0.00    0.35      0.00      2.50     0.00     0.00   0.00   0.00    0.00   98.05   0.03     0.00     7.14  16.14   0.57

05/08/21 20:16:28
avg-cpu:  %user   %nice %system %iowait  %steal   %idle
          82.56    0.03   13.79    0.00    3.59    0.03

Device            r/s     w/s     rkB/s     wkB/s   rrqm/s   wrqm/s  %rrqm  %wrqm r_await w_await aqu-sz rareq-sz wareq-sz  svctm  %util
vda              0.00    0.23      0.00      1.20     0.00     0.03   0.00  12.50    0.00   93.86   0.02     0.00     5.14  27.79   0.65
vdb              0.00    0.40      0.00      2.33     0.00     0.03   0.00   7.69    0.00   88.71   0.04     0.00     5.83  28.71   1.15
vdc              0.00    0.00      0.00      0.00     0.00     0.00   0.00   0.00    0.00    0.00   0.00     0.00     0.00   0.00   0.00
dm-0             0.00    0.27      0.00      1.32     0.00     0.00   0.00   0.00    0.00  100.19   0.03     0.00     4.94  24.31   0.65
dm-1             0.00    0.00      0.00      0.00     0.00     0.00   0.00   0.00    0.00    0.00   0.00     0.00     0.00   0.00   0.00
dm-2             0.00    0.00      0.00      0.00     0.00     0.00   0.00   0.00    0.00    0.00   0.00     0.00     0.00   0.00   0.00
dm-3             0.00    0.43      0.00      2.65     0.00     0.00   0.00   0.00    0.00   92.73   0.04     0.00     6.12  26.50   1.15

05/08/21 20:17:28
avg-cpu:  %user   %nice %system %iowait  %steal   %idle
          82.71    0.03   13.64    0.00    3.59    0.03

Device            r/s     w/s     rkB/s     wkB/s   rrqm/s   wrqm/s  %rrqm  %wrqm r_await w_await aqu-sz rareq-sz wareq-sz  svctm  %util
vda              0.00    0.12      0.00      0.51     0.00     0.00   0.00   0.00    0.00   41.00   0.00     0.00     4.36  26.29   0.31
vdb              0.00    0.37      0.00      1.76     0.00     0.00   0.00   0.00    0.00   46.41   0.02     0.00     4.80  27.23   1.00
vdc              0.00    0.00      0.00      0.00     0.00     0.00   0.00   0.00    0.00    0.00   0.00     0.00     0.00   0.00   0.00
dm-0             0.00    0.12      0.00      0.62     0.00     0.00   0.00   0.00    0.00   40.86   0.00     0.00     5.29  26.29   0.31
dm-1             0.00    0.00      0.00      0.00     0.00     0.00   0.00   0.00    0.00    0.00   0.00     0.00     0.00   0.00   0.00
dm-2             0.00    0.00      0.00      0.00     0.00     0.00   0.00   0.00    0.00    0.00   0.00     0.00     0.00   0.00   0.00
dm-3             0.00    0.37      0.00      2.25     0.00     0.00   0.00   0.00    0.00   46.18   0.02     0.00     6.14  27.18   1.00

05/08/21 20:18:28
avg-cpu:  %user   %nice %system %iowait  %steal   %idle
          83.19    0.02   13.00    0.00    3.58    0.22

Device            r/s     w/s     rkB/s     wkB/s   rrqm/s   wrqm/s  %rrqm  %wrqm r_await w_await aqu-sz rareq-sz wareq-sz  svctm  %util
vda              0.00    0.13      0.00      0.59     0.00     0.03   0.00  20.00    0.00   62.12   0.01     0.00     4.44  58.13   0.77
vdb              0.00    0.43      0.00      2.80     0.00     0.08   0.00  16.13    0.00  110.50   0.05     0.00     6.46  26.23   1.14
vdc              0.00    0.00      0.00      0.00     0.00     0.00   0.00   0.00    0.00    0.00   0.00     0.00     0.00   0.00   0.00
dm-0             0.00    0.17      0.00      0.72     0.00     0.00   0.00   0.00    0.00   57.20   0.01     0.00     4.30  46.50   0.77
dm-1             0.00    0.00      0.00      0.00     0.00     0.00   0.00   0.00    0.00    0.00   0.00     0.00     0.00   0.00   0.00
dm-2             0.00    0.00      0.00      0.00     0.00     0.00   0.00   0.00    0.00    0.00   0.00     0.00     0.00   0.00   0.00
dm-3             0.00    0.52      0.00      3.11     0.00     0.00   0.00   0.00    0.00  123.97   0.06     0.00     6.02  22.00   1.14

05/08/21 20:19:28
avg-cpu:  %user   %nice %system %iowait  %steal   %idle
          83.91    0.02   12.49    0.00    3.55    0.03

Device            r/s     w/s     rkB/s     wkB/s   rrqm/s   wrqm/s  %rrqm  %wrqm r_await w_await aqu-sz rareq-sz wareq-sz  svctm  %util
vda              0.00    0.17      0.00      0.50     0.00     0.03   0.00  16.67    0.00   43.60   0.01     0.00     3.00  27.50   0.46
vdb              0.00    0.35      0.00      2.08     0.00     0.02   0.00   4.55    0.00   75.57   0.03     0.00     5.95  23.19   0.81
vdc              0.00    0.00      0.00      0.00     0.00     0.00   0.00   0.00    0.00    0.00   0.00     0.00     0.00   0.00   0.00
dm-0             0.00    0.20      0.00      0.66     0.00     0.00   0.00   0.00    0.00   44.75   0.01     0.00     3.29  22.92   0.46
dm-1             0.00    0.00      0.00      0.00     0.00     0.00   0.00   0.00    0.00    0.00   0.00     0.00     0.00   0.00   0.00
dm-2             0.00    0.00      0.00      0.00     0.00     0.00   0.00   0.00    0.00    0.00   0.00     0.00     0.00   0.00   0.00
dm-3             0.00    0.37      0.00      2.43     0.00     0.00   0.00   0.00    0.00   77.91   0.03     0.00     6.61  22.14   0.81

05/08/21 20:20:28
avg-cpu:  %user   %nice %system %iowait  %steal   %idle
          82.43    0.03   12.62    0.01    4.08    0.84

Device            r/s     w/s     rkB/s     wkB/s   rrqm/s   wrqm/s  %rrqm  %wrqm r_await w_await aqu-sz rareq-sz wareq-sz  svctm  %util
vda              0.00    0.15      0.00      0.62     0.00     0.02   0.00  10.00    0.00   37.44   0.01     0.00     4.17  28.44   0.43
vdb              0.00    0.37      0.00      2.03     0.00     0.03   0.00   8.33    0.00  108.95   0.04     0.00     5.55  27.64   1.01
vdc              0.00    0.00      0.00      0.00     0.00     0.00   0.00   0.00    0.00    0.00   0.00     0.00     0.00   0.00   0.00
dm-0             0.00    0.18      0.00      0.92     0.00     0.00   0.00   0.00    0.00   34.64   0.01     0.00     5.00  23.27   0.43
dm-1             0.00    0.00      0.00      0.00     0.00     0.00   0.00   0.00    0.00    0.00   0.00     0.00     0.00   0.00   0.00
dm-2             0.00    0.00      0.00      0.00     0.00     0.00   0.00   0.00    0.00    0.00   0.00     0.00     0.00   0.00   0.00
dm-3             0.00    0.40      0.00      2.38     0.00     0.00   0.00   0.00    0.00  115.29   0.05     0.00     5.96  25.33   1.01

