Linux 4.18.0-240.22.1.el8_3.x86_64 (k8s4) 	05/08/21 	_x86_64_	(2 CPU)

05/08/21 20:33:29
avg-cpu:  %user   %nice %system %iowait  %steal   %idle
           0.27    0.00    0.04    0.00    0.01    0.00

Device            r/s     w/s     rkB/s     wkB/s   rrqm/s   wrqm/s  %rrqm  %wrqm r_await w_await aqu-sz rareq-sz wareq-sz  svctm  %util
vda              0.00    0.40      0.00      2.95     0.00     0.07   0.00  14.29    0.00  171.83   0.07     0.00     7.38  18.96   0.76
vdb              0.00    0.60      0.00    284.13     0.00     0.03   0.00   5.26    0.00   58.75   0.03     0.00   473.62  18.47   1.11
vdc              0.00    0.00      0.00      0.00     0.00     0.00   0.00   0.00    0.00    0.00   0.00     0.00     0.00   0.00   0.00
dm-0             0.00    0.47      0.00      3.14     0.00     0.00   0.00   0.00    0.00  179.29   0.08     0.00     6.73  16.25   0.76
dm-1             0.00    0.00      0.00      0.00     0.00     0.00   0.00   0.00    0.00    0.00   0.00     0.00     0.00   0.00   0.00
dm-2             0.00    0.00      0.00      0.00     0.00     0.00   0.00   0.00    0.00    0.00   0.00     0.00     0.00   0.00   0.00
dm-3             0.00    0.50      0.00    284.29     0.00     0.00   0.00   0.00    0.00   71.87   0.04     0.00   568.68  22.17   1.11

05/08/21 20:34:29
avg-cpu:  %user   %nice %system %iowait  %steal   %idle
          81.73    0.02   14.85    0.00    3.37    0.03

Device            r/s     w/s     rkB/s     wkB/s   rrqm/s   wrqm/s  %rrqm  %wrqm r_await w_await aqu-sz rareq-sz wareq-sz  svctm  %util
vda              0.00    0.18      0.00      1.19     0.00     0.03   0.00  15.38    0.00   78.18   0.01     0.00     6.50  36.36   0.67
vdb              0.00    3.60      0.00   3430.68     0.00     0.05   0.00   1.37    0.00  212.75   0.76     0.00   952.97  10.06   3.62
vdc              0.00    0.00      0.00      0.00     0.00     0.00   0.00   0.00    0.00    0.00   0.00     0.00     0.00   0.00   0.00
dm-0             0.00    0.22      0.00      1.31     0.00     0.00   0.00   0.00    0.00   79.62   0.02     0.00     6.04  30.77   0.67
dm-1             0.00    0.00      0.00      0.00     0.00     0.00   0.00   0.00    0.00    0.00   0.00     0.00     0.00   0.00   0.00
dm-2             0.00    0.00      0.00      0.00     0.00     0.00   0.00   0.00    0.00    0.00   0.00     0.00     0.00   0.00   0.00
dm-3             0.00    1.98      0.00   3431.22     0.00     0.00   0.00   0.00    0.00  228.88   0.45     0.00  1730.03  18.06   3.58

05/08/21 20:35:29
avg-cpu:  %user   %nice %system %iowait  %steal   %idle
          80.40    0.03   15.00    0.00    4.57    0.00

Device            r/s     w/s     rkB/s     wkB/s   rrqm/s   wrqm/s  %rrqm  %wrqm r_await w_await aqu-sz rareq-sz wareq-sz  svctm  %util
vda              0.00    0.17      0.00      0.80     0.00     0.02   0.00   9.09    0.00   50.50   0.01     0.00     4.80  36.00   0.60
vdb              0.00   23.90      0.00  23394.88     0.00     0.03   0.00   0.14    0.00  351.25   8.38     0.00   978.87   9.43  22.53
vdc              0.00    0.00      0.00      0.00     0.00     0.00   0.00   0.00    0.00    0.00   0.00     0.00     0.00   0.00   0.00
dm-0             0.00    0.18      0.00      0.93     0.00     0.00   0.00   0.00    0.00   48.00   0.01     0.00     5.09  32.73   0.60
dm-1             0.00    0.00      0.00      0.00     0.00     0.00   0.00   0.00    0.00    0.00   0.00     0.00     0.00   0.00   0.00
dm-2             0.00    0.00      0.00      0.00     0.00     0.00   0.00   0.00    0.00    0.00   0.00     0.00     0.00   0.00   0.00
dm-3             0.00   12.35      0.00  23396.82     0.00     0.00   0.00   0.00    0.00  369.34   4.56     0.00  1894.48  18.05  22.29

05/08/21 20:36:29
avg-cpu:  %user   %nice %system %iowait  %steal   %idle
          80.98    0.02   14.82    0.00    4.19    0.00

Device            r/s     w/s     rkB/s     wkB/s   rrqm/s   wrqm/s  %rrqm  %wrqm r_await w_await aqu-sz rareq-sz wareq-sz  svctm  %util
vda              0.00    0.23      0.00      1.47     0.00     0.02   0.00   6.67    0.00  158.93   0.04     0.00     6.32  73.71   1.72
vdb              0.00   24.80      0.00  23537.52     0.00     0.08   0.00   0.33    0.00  351.99   8.72     0.00   949.09   9.59  23.78
vdc              0.00    0.00      0.00      0.00     0.00     0.00   0.00   0.00    0.00    0.00   0.00     0.00     0.00   0.00   0.00
dm-0             0.00    0.25      0.00      1.62     0.00     0.00   0.00   0.00    0.00  165.20   0.04     0.00     6.47  68.80   1.72
dm-1             0.00    0.00      0.00      0.00     0.00     0.00   0.00   0.00    0.00    0.00   0.00     0.00     0.00   0.00   0.00
dm-2             0.00    0.00      0.00      0.00     0.00     0.00   0.00   0.00    0.00    0.00   0.00     0.00     0.00   0.00   0.00
dm-3             0.00   12.58      0.00  23539.90     0.00     0.00   0.00   0.00    0.00  367.26   4.62     0.00  1870.72  18.64  23.46

05/08/21 20:37:29
avg-cpu:  %user   %nice %system %iowait  %steal   %idle
          80.94    0.03   14.67    0.00    4.36    0.00

Device            r/s     w/s     rkB/s     wkB/s   rrqm/s   wrqm/s  %rrqm  %wrqm r_await w_await aqu-sz rareq-sz wareq-sz  svctm  %util
vda              0.00    0.22      0.00      1.08     0.00     0.05   0.00  18.75    0.00  138.62   0.03     0.00     5.00  69.85   1.51
vdb              0.00   27.05      0.00  24966.49     0.00     0.15   0.00   0.55    0.00  437.61  11.82     0.00   922.98  12.09  32.71
vdc              0.00    0.00      0.00      0.00     0.00     0.00   0.00   0.00    0.00    0.00   0.00     0.00     0.00   0.00   0.00
dm-0             0.00    0.27      0.00      1.29     0.00     0.00   0.00   0.00    0.00  152.44   0.04     0.00     4.84  56.75   1.51
dm-1             0.00    0.00      0.00      0.00     0.00     0.00   0.00   0.00    0.00    0.00   0.00     0.00     0.00   0.00   0.00
dm-2             0.00    0.00      0.00      0.00     0.00     0.00   0.00   0.00    0.00    0.00   0.00     0.00     0.00   0.00   0.00
dm-3             0.00   13.62      0.00  24969.12     0.00     0.00   0.00   0.00    0.00  462.09   6.29     0.00  1833.72  23.57  32.10

05/08/21 20:38:29
avg-cpu:  %user   %nice %system %iowait  %steal   %idle
          80.67    0.04   14.97    0.00    4.33    0.00

Device            r/s     w/s     rkB/s     wkB/s   rrqm/s   wrqm/s  %rrqm  %wrqm r_await w_await aqu-sz rareq-sz wareq-sz  svctm  %util
vda              0.00    0.25      0.00      1.40     0.00     0.03   0.00  11.76    0.00  479.27   0.12     0.00     5.60 113.33   2.83
vdb              0.00   26.02      0.00  23476.84     0.00     0.18   0.00   0.70    0.00  481.45  12.51     0.00   902.38  12.22  31.79
vdc              0.00    0.00      0.00      0.00     0.00     0.00   0.00   0.00    0.00    0.00   0.00     0.00     0.00   0.00   0.00
dm-0             0.00    0.28      0.00      1.52     0.00     0.00   0.00   0.00    0.00  513.00   0.15     0.00     5.35 100.06   2.83
dm-1             0.00    0.00      0.00      0.00     0.00     0.00   0.00   0.00    0.00    0.00   0.00     0.00     0.00   0.00   0.00
dm-2             0.00    0.00      0.00      0.00     0.00     0.00   0.00   0.00    0.00    0.00   0.00     0.00     0.00   0.00   0.00
dm-3             0.00   13.32      0.00  24095.95     0.00     0.00   0.00   0.00    0.00  488.13   6.50     0.00  1809.46  23.67  31.51

05/08/21 20:39:29
avg-cpu:  %user   %nice %system %iowait  %steal   %idle
          81.18    0.03   14.56    0.00    4.23    0.00

Device            r/s     w/s     rkB/s     wkB/s   rrqm/s   wrqm/s  %rrqm  %wrqm r_await w_await aqu-sz rareq-sz wareq-sz  svctm  %util
vda              0.00    0.13      0.00      0.52     0.00     0.00   0.00   0.00    0.00  217.75   0.03     0.00     3.88 204.75   2.73
vdb              0.00   26.03      0.00  22667.05     0.00     0.03   0.00   0.13    0.00  482.56  12.55     0.00   870.84  12.78  33.26
vdc              0.00    0.00      0.00      0.00     0.00     0.00   0.00   0.00    0.00    0.00   0.00     0.00     0.00   0.00   0.00
dm-0             0.00    0.13      0.00      0.63     0.00     0.00   0.00   0.00    0.00  217.25   0.03     0.00     4.75 204.75   2.73
dm-1             0.00    0.00      0.00      0.00     0.00     0.00   0.00   0.00    0.00    0.00   0.00     0.00     0.00   0.00   0.00
dm-2             0.00    0.00      0.00      0.00     0.00     0.00   0.00   0.00    0.00    0.00   0.00     0.00     0.00   0.00   0.00
dm-3             0.00   11.95      0.00  22051.64     0.00     0.00   0.00   0.00    0.00  521.64   6.23     0.00  1845.63  27.75  33.15

05/08/21 20:40:29
avg-cpu:  %user   %nice %system %iowait  %steal   %idle
          81.26    0.03   14.24    0.00    4.47    0.00

Device            r/s     w/s     rkB/s     wkB/s   rrqm/s   wrqm/s  %rrqm  %wrqm r_await w_await aqu-sz rareq-sz wareq-sz  svctm  %util
vda              0.00    0.20      0.00      1.22     0.00     0.03   0.00  14.29    0.00  209.75   0.04     0.00     6.08  66.17   1.32
vdb              0.00   23.07      0.00  19882.90     0.00     0.10   0.00   0.43    0.00  495.45  11.42     0.00   861.98  13.15  30.34
vdc              0.00    0.00      0.00      0.00     0.00     0.00   0.00   0.00    0.00    0.00   0.00     0.00     0.00   0.00   0.00
dm-0             0.00    0.23      0.00      1.36     0.00     0.00   0.00   0.00    0.00  220.57   0.05     0.00     5.82  56.71   1.32
dm-1             0.00    0.00      0.00      0.00     0.00     0.00   0.00   0.00    0.00    0.00   0.00     0.00     0.00   0.00   0.00
dm-2             0.00    0.00      0.00      0.00     0.00     0.00   0.00   0.00    0.00    0.00   0.00     0.00     0.00   0.00   0.00
dm-3             0.00   10.60      0.00  19884.47     0.00     0.00   0.00   0.00    0.00  513.32   5.44     0.00  1875.89  28.04  29.72

05/08/21 20:41:29
avg-cpu:  %user   %nice %system %iowait  %steal   %idle
          81.39    0.03   14.40    0.00    4.18    0.01

Device            r/s     w/s     rkB/s     wkB/s   rrqm/s   wrqm/s  %rrqm  %wrqm r_await w_await aqu-sz rareq-sz wareq-sz  svctm  %util
vda              0.00    0.28      0.00      1.88     0.00     0.02   0.00   5.56    0.00  205.53   0.06     0.00     6.65  96.47   2.73
vdb              0.00   24.53      0.00  21145.83     0.00     0.15   0.00   0.61    0.00  487.71  11.95     0.00   861.92  13.04  32.00
vdc              0.00    0.00      0.00      0.00     0.00     0.00   0.00   0.00    0.00    0.00   0.00     0.00     0.00   0.00   0.00
dm-0             0.00    0.30      0.00      2.02     0.00     0.00   0.00   0.00    0.00  206.50   0.06     0.00     6.75  96.94   2.91
dm-1             0.00    0.00      0.00      0.00     0.00     0.00   0.00   0.00    0.00    0.00   0.00     0.00     0.00   0.00   0.00
dm-2             0.00    0.00      0.00      0.00     0.00     0.00   0.00   0.00    0.00    0.00   0.00     0.00     0.00   0.00   0.00
dm-3             0.00   11.33      0.00  21147.87     0.00     0.00   0.00   0.00    0.00  522.11   5.92     0.00  1865.99  27.56  31.24

05/08/21 20:42:29
avg-cpu:  %user   %nice %system %iowait  %steal   %idle
          81.45    0.03   14.20    0.00    4.32    0.00

Device            r/s     w/s     rkB/s     wkB/s   rrqm/s   wrqm/s  %rrqm  %wrqm r_await w_await aqu-sz rareq-sz wareq-sz  svctm  %util
vda              0.00    0.17      0.00      0.92     0.00     0.00   0.00   0.00    0.00   68.70   0.01     0.00     5.55  57.00   0.95
vdb              0.00   30.42      0.00  24704.22     0.00     0.13   0.00   0.44    0.00  407.16  12.37     0.00   812.19  10.88  33.08
vdc              0.00    0.00      0.00      0.00     0.00     0.00   0.00   0.00    0.00    0.00   0.00     0.00     0.00   0.00   0.00
dm-0             0.00    0.17      0.00      1.05     0.00     0.00   0.00   0.00    0.00   68.40   0.01     0.00     6.30  57.00   0.95
dm-1             0.00    0.00      0.00      0.00     0.00     0.00   0.00   0.00    0.00    0.00   0.00     0.00     0.00   0.00   0.00
dm-2             0.00    0.00      0.00      0.00     0.00     0.00   0.00   0.00    0.00    0.00   0.00     0.00     0.00   0.00   0.00
dm-3             0.00   13.97      0.00  25508.63     0.00     0.00   0.00   0.00    0.00  418.29   5.84     0.00  1826.39  23.09  32.25

