Linux 4.18.0-240.22.1.el8_3.x86_64 (k8s4) 	05/08/21 	_x86_64_	(2 CPU)

05/08/21 20:00:27
avg-cpu:  %user   %nice %system %iowait  %steal   %idle
           0.17    0.00    0.03    0.00    0.00    0.16

Device            r/s     w/s     rkB/s     wkB/s   rrqm/s   wrqm/s  %rrqm  %wrqm r_await w_await aqu-sz rareq-sz wareq-sz  svctm  %util
vda              0.00    0.22      0.00      1.16     0.00     0.03   0.00  13.33    0.00   68.54   0.01     0.00     5.35  29.00   0.63
vdb              0.00    0.18      0.00      1.09     0.00     0.00   0.00   0.00    0.00   86.55   0.02     0.00     5.95  47.36   0.87
vdc              0.00    0.00      0.00      0.00     0.00     0.00   0.00   0.00    0.00    0.00   0.00     0.00     0.00   0.00   0.00
dm-0             0.00    0.23      0.00      1.26     0.00     0.00   0.00   0.00    0.00   80.00   0.02     0.00     5.39  26.93   0.63
dm-1             0.00    0.00      0.00      0.00     0.00     0.00   0.00   0.00    0.00    0.00   0.00     0.00     0.00   0.00   0.00
dm-2             0.00    0.00      0.00      0.00     0.00     0.00   0.00   0.00    0.00    0.00   0.00     0.00     0.00   0.00   0.00
dm-3             0.00    0.18      0.00      1.32     0.00     0.00   0.00   0.00    0.00   86.18   0.02     0.00     7.18  47.36   0.87

05/08/21 20:01:27
avg-cpu:  %user   %nice %system %iowait  %steal   %idle
          47.83    0.02    7.61    0.00    1.13   43.41

Device            r/s     w/s     rkB/s     wkB/s   rrqm/s   wrqm/s  %rrqm  %wrqm r_await w_await aqu-sz rareq-sz wareq-sz  svctm  %util
vda              0.00    0.20      0.00      1.01     0.00     0.03   0.00  14.29    0.00   65.92   0.01     0.00     5.04  30.50   0.61
vdb              0.00    0.27      0.00      1.68     0.00     0.03   0.00  11.11    0.00   69.88   0.02     0.00     6.31  19.69   0.53
vdc              0.00    0.00      0.00      0.00     0.00     0.00   0.00   0.00    0.00    0.00   0.00     0.00     0.00   0.00   0.00
dm-0             0.00    0.23      0.00      1.14     0.00     0.00   0.00   0.00    0.00   65.21   0.02     0.00     4.89  26.14   0.61
dm-1             0.00    0.00      0.00      0.00     0.00     0.00   0.00   0.00    0.00    0.00   0.00     0.00     0.00   0.00   0.00
dm-2             0.00    0.00      0.00      0.00     0.00     0.00   0.00   0.00    0.00    0.00   0.00     0.00     0.00   0.00   0.00
dm-3             0.00    0.30      0.00      1.82     0.00     0.00   0.00   0.00    0.00   72.28   0.02     0.00     6.06  17.50   0.53

05/08/21 20:02:27
avg-cpu:  %user   %nice %system %iowait  %steal   %idle
          48.32    0.02    7.19    0.05    1.05   43.37

Device            r/s     w/s     rkB/s     wkB/s   rrqm/s   wrqm/s  %rrqm  %wrqm r_await w_await aqu-sz rareq-sz wareq-sz  svctm  %util
vda              0.00    0.18      0.00      1.26     0.00     0.02   0.00   8.33    0.00   64.09   0.01     0.00     6.86  31.18   0.57
vdb              0.00    0.18      0.00      1.07     0.00     0.00   0.00   0.00    0.00   50.64   0.01     0.00     5.82  44.55   0.82
vdc              0.00    0.00      0.00      0.00     0.00     0.00   0.00   0.00    0.00    0.00   0.00     0.00     0.00   0.00   0.00
dm-0             0.00    0.20      0.00      1.38     0.00     0.00   0.00   0.00    0.00   65.42   0.01     0.00     6.92  28.50   0.57
dm-1             0.00    0.00      0.00      0.00     0.00     0.00   0.00   0.00    0.00    0.00   0.00     0.00     0.00   0.00   0.00
dm-2             0.00    0.00      0.00      0.00     0.00     0.00   0.00   0.00    0.00    0.00   0.00     0.00     0.00   0.00   0.00
dm-3             0.00    0.18      0.00      1.40     0.00     0.00   0.00   0.00    0.00   50.36   0.01     0.00     7.64  44.55   0.82

05/08/21 20:03:27
avg-cpu:  %user   %nice %system %iowait  %steal   %idle
          51.24    0.03   10.60    0.81    1.61   35.71

Device            r/s     w/s     rkB/s     wkB/s   rrqm/s   wrqm/s  %rrqm  %wrqm r_await w_await aqu-sz rareq-sz wareq-sz  svctm  %util
vda              0.00    0.15      0.00      0.71     0.00     0.03   0.00  18.18    0.00   71.11   0.01     0.00     4.72  40.56   0.61
vdb              0.00    9.80      0.00    318.58     0.00     0.37   0.00   3.61    0.00   18.64   0.18     0.00    32.51   8.11   7.95
vdc              0.00    0.00      0.00      0.00     0.00     0.00   0.00   0.00    0.00    0.00   0.00     0.00     0.00   0.00   0.00
dm-0             0.00    0.18      0.00      0.81     0.00     0.00   0.00   0.00    0.00   69.82   0.01     0.00     4.41  33.18   0.61
dm-1             0.00    0.00      0.00      0.00     0.00     0.00   0.00   0.00    0.00    0.00   0.00     0.00     0.00   0.00   0.00
dm-2             0.00    0.00      0.00      0.00     0.00     0.00   0.00   0.00    0.00    0.00   0.00     0.00     0.00   0.00   0.00
dm-3             0.00    9.65      0.00    335.62     0.00     0.00   0.00   0.00    0.00   14.56   0.14     0.00    34.78   8.24   7.95

05/08/21 20:04:27
avg-cpu:  %user   %nice %system %iowait  %steal   %idle
          49.14    0.03    7.83    0.19    1.27   41.53

Device            r/s     w/s     rkB/s     wkB/s   rrqm/s   wrqm/s  %rrqm  %wrqm r_await w_await aqu-sz rareq-sz wareq-sz  svctm  %util
vda              0.00    0.45      0.00      5.33     0.00     0.10   0.00  18.18    0.00  190.67   0.09     0.00    11.83  15.81   0.71
vdb              0.00    1.72      0.00     23.38     0.00     0.50   0.00  22.56    0.00  287.74   0.49     0.00    13.62   7.64   1.31
vdc              0.00    0.00      0.00      0.00     0.00     0.00   0.00   0.00    0.00    0.00   0.00     0.00     0.00   0.00   0.00
dm-0             0.00    0.57      0.00      5.83     0.00     0.00   0.00   0.00    0.00  192.26   0.11     0.00    10.28  12.56   0.71
dm-1             0.00    0.00      0.00      0.00     0.00     0.00   0.00   0.00    0.00    0.00   0.00     0.00     0.00   0.00   0.00
dm-2             0.00    0.00      0.00      0.00     0.00     0.00   0.00   0.00    0.00    0.00   0.00     0.00     0.00   0.00   0.00
dm-3             0.00    2.22      0.00     23.78     0.00     0.00   0.00   0.00    0.00  301.63   0.67     0.00    10.73   5.92   1.31

05/08/21 20:05:27
avg-cpu:  %user   %nice %system %iowait  %steal   %idle
          49.30    0.03    7.20    0.00    1.28   42.19

Device            r/s     w/s     rkB/s     wkB/s   rrqm/s   wrqm/s  %rrqm  %wrqm r_await w_await aqu-sz rareq-sz wareq-sz  svctm  %util
vda              0.00    0.22      0.00      2.04     0.00     0.05   0.00  18.75    0.00  137.62   0.03     0.00     9.42  42.38   0.92
vdb              0.00    0.30      0.00      2.75     0.00     0.03   0.00  10.00    0.00  112.00   0.03     0.00     9.17  28.50   0.86
vdc              0.00    0.00      0.00      0.00     0.00     0.00   0.00   0.00    0.00    0.00   0.00     0.00     0.00   0.00   0.00
dm-0             0.00    0.27      0.00      2.14     0.00     0.00   0.00   0.00    0.00  137.44   0.04     0.00     8.03  34.44   0.92
dm-1             0.00    0.00      0.00      0.00     0.00     0.00   0.00   0.00    0.00    0.00   0.00     0.00     0.00   0.00   0.00
dm-2             0.00    0.00      0.00      0.00     0.00     0.00   0.00   0.00    0.00    0.00   0.00     0.00     0.00   0.00   0.00
dm-3             0.00    0.35      0.00      3.09     0.00     0.00   0.00   0.00    0.00  123.00   0.04     0.00     8.83  24.43   0.86

05/08/21 20:06:27
avg-cpu:  %user   %nice %system %iowait  %steal   %idle
          49.41    0.03    7.79    0.00    1.10   41.68

Device            r/s     w/s     rkB/s     wkB/s   rrqm/s   wrqm/s  %rrqm  %wrqm r_await w_await aqu-sz rareq-sz wareq-sz  svctm  %util
vda              0.00    0.10      0.00      0.30     0.00     0.02   0.00  14.29    0.00   41.67   0.00     0.00     3.00  42.00   0.42
vdb              0.00    0.33      0.00      2.51     0.00     0.07   0.00  16.67    0.00   62.55   0.02     0.00     7.53  33.20   1.11
vdc              0.00    0.00      0.00      0.00     0.00     0.00   0.00   0.00    0.00    0.00   0.00     0.00     0.00   0.00   0.00
dm-0             0.00    0.12      0.00      0.40     0.00     0.00   0.00   0.00    0.00   43.14   0.01     0.00     3.43  36.00   0.42
dm-1             0.00    0.00      0.00      0.00     0.00     0.00   0.00   0.00    0.00    0.00   0.00     0.00     0.00   0.00   0.00
dm-2             0.00    0.00      0.00      0.00     0.00     0.00   0.00   0.00    0.00    0.00   0.00     0.00     0.00   0.00   0.00
dm-3             0.00    0.42      0.00      2.81     0.00     0.00   0.00   0.00    0.00   65.24   0.03     0.00     6.74  26.52   1.10

05/08/21 20:07:27
avg-cpu:  %user   %nice %system %iowait  %steal   %idle
          49.24    0.03    7.61    0.04    1.13   41.95

Device            r/s     w/s     rkB/s     wkB/s   rrqm/s   wrqm/s  %rrqm  %wrqm r_await w_await aqu-sz rareq-sz wareq-sz  svctm  %util
vda              0.00    0.12      0.00      0.79     0.00     0.03   0.00  22.22    0.00   42.29   0.00     0.00     6.79  38.43   0.45
vdb              0.00    0.27      0.00      1.84     0.00     0.03   0.00  11.11    0.00   59.44   0.02     0.00     6.91  33.69   0.90
vdc              0.00    0.00      0.00      0.00     0.00     0.00   0.00   0.00    0.00    0.00   0.00     0.00     0.00   0.00   0.00
dm-0             0.00    0.15      0.00      0.92     0.00     0.00   0.00   0.00    0.00   46.78   0.01     0.00     6.11  29.89   0.45
dm-1             0.00    0.00      0.00      0.00     0.00     0.00   0.00   0.00    0.00    0.00   0.00     0.00     0.00   0.00   0.00
dm-2             0.00    0.00      0.00      0.00     0.00     0.00   0.00   0.00    0.00    0.00   0.00     0.00     0.00   0.00   0.00
dm-3             0.00    0.32      0.00      2.27     0.00     0.00   0.00   0.00    0.00   60.26   0.02     0.00     7.18  28.32   0.90

05/08/21 20:08:27
avg-cpu:  %user   %nice %system %iowait  %steal   %idle
          49.05    0.03    7.36    0.00    1.05   42.52

Device            r/s     w/s     rkB/s     wkB/s   rrqm/s   wrqm/s  %rrqm  %wrqm r_await w_await aqu-sz rareq-sz wareq-sz  svctm  %util
vda              0.00    0.13      0.00      0.46     0.00     0.03   0.00  20.00    0.00   52.75   0.01     0.00     3.44  37.38   0.50
vdb              0.00    0.23      0.00      2.17     0.00     0.12   0.00  33.33    0.00   77.07   0.02     0.00     9.32  38.29   0.89
vdc              0.00    0.00      0.00      0.00     0.00     0.00   0.00   0.00    0.00    0.00   0.00     0.00     0.00   0.00   0.00
dm-0             0.00    0.17      0.00      0.57     0.00     0.00   0.00   0.00    0.00   54.70   0.01     0.00     3.45  29.90   0.50
dm-1             0.00    0.00      0.00      0.00     0.00     0.00   0.00   0.00    0.00    0.00   0.00     0.00     0.00   0.00   0.00
dm-2             0.00    0.00      0.00      0.00     0.00     0.00   0.00   0.00    0.00    0.00   0.00     0.00     0.00   0.00   0.00
dm-3             0.00    0.37      0.00      2.47     0.00     0.00   0.00   0.00    0.00   80.95   0.03     0.00     6.73  24.36   0.89

05/08/21 20:09:27
avg-cpu:  %user   %nice %system %iowait  %steal   %idle
          49.02    1.00    7.89    0.05    1.09   40.94

Device            r/s     w/s     rkB/s     wkB/s   rrqm/s   wrqm/s  %rrqm  %wrqm r_await w_await aqu-sz rareq-sz wareq-sz  svctm  %util
vda              0.00    0.10      0.00      0.32     0.00     0.02   0.00  14.29    0.00   48.33   0.00     0.00     3.17  38.00   0.38
vdb              0.00    0.40      0.00      3.47     0.00     0.07   0.00  14.29    0.00   89.04   0.04     0.00     8.67  32.71   1.31
vdc              0.00    0.00      0.00      0.00     0.00     0.00   0.00   0.00    0.00    0.00   0.00     0.00     0.00   0.00   0.00
dm-0             0.00    0.12      0.00      0.43     0.00     0.00   0.00   0.00    0.00   49.29   0.01     0.00     3.71  32.57   0.38
dm-1             0.00    0.00      0.00      0.00     0.00     0.00   0.00   0.00    0.00    0.00   0.00     0.00     0.00   0.00   0.00
dm-2             0.00    0.00      0.00      0.00     0.00     0.00   0.00   0.00    0.00    0.00   0.00     0.00     0.00   0.00   0.00
dm-3             0.00    0.47      0.00      3.98     0.00     0.00   0.00   0.00    0.00   88.82   0.04     0.00     8.54  28.04   1.31

