              disk0               disk1       cpu    load average
    KB/t  tps  MB/s     KB/t  tps  MB/s  us sy id   1m   5m   15m
  255.80   78 19.42   178.67  376 65.64  40  6 53  34.62 63.88 84.85
    6.50    2  0.02     6.70   12  0.08  93  6  1  148.51 87.10 92.83
   12.44    1  0.01     7.05  282  1.94  97  3  0  268.93 114.93 102.64
  115.00    3  0.31    10.49  224  2.30  97  3  0  361.75 139.90 111.65
  411.40    2  0.80    13.36  211  2.75  98  2  0  406.49 156.55 117.87
  509.20    2  0.99    18.23  147  2.63  98  2  0  470.23 178.48 126.11
  175.42    7  1.18    22.78  116  2.59  98  2  0  516.69 198.04 133.66
  209.20    2  0.41    12.64  156  1.92  97  3  0  514.80 207.92 137.90
  585.43    1  0.80    10.41  276  2.81  97  3  0  510.02 217.15 142.01
  353.26    3  1.21    14.33  278  3.89  97  3  0  499.26 224.25 145.39
  469.50    5  2.20    22.64  213  4.71  98  2  0  520.26 237.79 151.12
  397.39    5  1.90    26.42  159  4.10  97  3  0  538.97 251.10 156.85
  180.63    8  1.34    14.90  201  2.92  97  3  0  528.48 258.55 160.61
  520.89    2  0.92    18.83  189  3.48  97  3  0  524.49 266.41 164.53
  471.57    4  1.70    21.99  203  4.36  97  3  0  482.24 265.80 165.50
  128.53   11  1.42    12.34  344  4.14  97  3  0  443.59 264.80 166.33
  483.20    3  1.42    24.88  134  3.25  96  4  0  459.61 273.94 170.71
  431.79    2  0.80    14.21  166  2.31  96  4  0  476.36 283.47 175.29
   97.92    5  0.50    14.32  139  1.95  96  4  0  464.80 287.02 177.80
   70.34   23  1.59    20.58  213  4.29  95  5  0  450.61 289.88 180.09
              disk0               disk1       cpu    load average
    KB/t  tps  MB/s     KB/t  tps  MB/s  us sy id   1m   5m   15m
   51.28   34  1.69    13.68  267  3.57  94  6  0  447.94 294.85 183.15
  103.96    9  0.96    12.17  211  2.50  96  4  0  489.14 308.71 189.37
   54.10    4  0.21    12.30  162  1.95  96  4  0  454.07 307.21 190.24
   93.45    5  0.50    12.19  202  2.41  97  3  0  440.79 309.45 192.41
  103.51    7  0.75    15.68  172  2.63  96  4  0  430.84 311.42 194.47
  181.91    2  0.41    12.20  164  1.95  96  4  0  436.54 316.27 197.54
  398.00    3  1.01    19.52  155  2.95  96  4  0  409.82 314.33 198.22
  107.94    6  0.66    17.13  136  2.27  96  4  0  457.19 327.63 204.30
  615.20    0  0.30    15.30  158  2.37  96  4  0  476.76 336.20 208.79
  262.00    3  0.82    23.26  112  2.56  96  4  0  485.50 342.89 212.66
  134.22    7  0.94    21.41  136  2.83  96  4  0  476.96 345.44 215.07
  646.95    2  1.20    18.34  171  3.06  98  2  0  478.88 349.93 218.17
  388.50    2  0.91    14.91  184  2.68  97  3  0  485.19 355.31 221.61
   34.06   13  0.42    10.82  216  2.29  97  3  0  507.29 364.40 226.40
  267.77    3  0.91    13.48  198  2.61  96  4  0  478.98 362.98 227.51
  135.17    2  0.32     8.52  209  1.74  97  3  0  482.10 367.56 230.72
  120.55    4  0.52    11.35  239  2.65  97  3  0  479.19 370.75 233.45
  174.67    2  0.31     9.11  224  1.99  96  4  0  453.67 368.61 234.28
  409.56    2  0.72    12.47  239  2.91  96  4  0  491.22 379.46 239.70
   87.68    7  0.63    10.99  253  2.72  96  4  0  463.13 377.12 240.50
              disk0               disk1       cpu    load average
    KB/t  tps  MB/s     KB/t  tps  MB/s  us sy id   1m   5m   15m
  230.07    3  0.61    13.07  194  2.47  97  3  0  461.77 379.84 243.08
  456.44    4  1.60    22.20  182  3.95  96  4  0  463.90 382.73 245.68
  225.78    6  1.43    20.56  188  3.77  96  4  0  463.36 385.01 248.08
   61.91   33  1.97    13.78  337  4.53  94  6  0  457.94 386.70 250.29
  207.70    5  1.07    15.48  152  2.29  96  4  0  492.62 396.49 255.36
   90.00    5  0.44    11.32  199  2.20  97  3  0  495.14 400.01 258.25
  137.85    4  0.52    14.13  150  2.06  97  3  0  470.96 398.25 259.30
  332.13    3  0.97    19.35  173  3.27  97  3  0  476.87 402.00 262.25
  124.23    3  0.42    15.12  157  2.32  96  4  0  430.78 394.59 261.26
   38.12    8  0.30    13.74  163  2.19  96  4  0  438.54 397.67 263.92
  308.00    2  0.72    19.56  137  2.61  96  4  0  475.99 407.03 268.81
  334.14    3  0.91    15.44  215  3.25  97  3  0  479.89 412.65 274.05
  372.00    3  1.23    17.81  221  3.85  96  4  0  514.03 422.16 279.04
  122.43   13  1.52    19.70  172  3.32  97  3  0  499.38 422.28 280.77
  195.62    2  0.40    12.01  165  1.93  97  3  0  491.44 422.81 282.59
  170.16    6  1.01    20.77  168  3.41  97  3  0  481.04 422.96 284.29
  212.95    5  1.14    19.51  135  2.57  97  3  0  474.31 423.17 285.97
  468.67    1  0.55    19.60   90  1.73  97  3  0  507.73 432.01 290.71
  189.82    1  0.20    12.50  117  1.43  97  3  0  502.83 433.18 292.76
