Linux 4.18.0-240.22.1.el8_3.x86_64 (k8s4) 	05/08/21 	_x86_64_	(2 CPU)

05/08/21 20:22:28
avg-cpu:  %user   %nice %system %iowait  %steal   %idle
           0.28    0.00    0.05    0.00    0.01    0.00

Device            r/s     w/s     rkB/s     wkB/s   rrqm/s   wrqm/s  %rrqm  %wrqm r_await w_await aqu-sz rareq-sz wareq-sz  svctm  %util
vda              0.00    0.25      0.00      1.70     0.00     0.03   0.00  11.76    0.00   86.33   0.02     0.00     6.80  37.47   0.94
vdb              0.00    7.57      0.00   5909.23     0.00     0.08   0.00   1.09    0.00  179.44   1.35     0.00   780.95   8.25   6.24
vdc              0.00    0.00      0.00      0.00     0.00     0.00   0.00   0.00    0.00    0.00   0.00     0.00     0.00   0.00   0.00
dm-0             0.00    0.28      0.00      1.86     0.00     0.00   0.00   0.00    0.00   90.35   0.03     0.00     6.56  33.06   0.94
dm-1             0.00    0.00      0.00      0.00     0.00     0.00   0.00   0.00    0.00    0.00   0.00     0.00     0.00   0.00   0.00
dm-2             0.00    0.00      0.00      0.00     0.00     0.00   0.00   0.00    0.00    0.00   0.00     0.00     0.00   0.00   0.00
dm-3             0.00    3.68      0.00   5910.17     0.00     0.00   0.00   0.00    0.00  194.95   0.72     0.00  1604.57  16.40   6.04

05/08/21 20:23:28
avg-cpu:  %user   %nice %system %iowait  %steal   %idle
          82.55    0.02   13.66    0.00    3.78    0.00

Device            r/s     w/s     rkB/s     wkB/s   rrqm/s   wrqm/s  %rrqm  %wrqm r_await w_await aqu-sz rareq-sz wareq-sz  svctm  %util
vda              0.00    0.18      0.00      1.19     0.00     0.03   0.00  15.38    0.00   95.45   0.02     0.00     6.50  41.55   0.76
vdb              0.00    1.03      0.00    564.83     0.00     0.07   0.00   6.06    0.00   49.66   0.05     0.00   546.60  13.60   1.41
vdc              0.00    0.00      0.00      0.00     0.00     0.00   0.00   0.00    0.00    0.00   0.00     0.00     0.00   0.00   0.00
dm-0             0.00    0.22      0.00      1.31     0.00     0.00   0.00   0.00    0.00   95.77   0.02     0.00     6.04  35.15   0.76
dm-1             0.00    0.00      0.00      0.00     0.00     0.00   0.00   0.00    0.00    0.00   0.00     0.00     0.00   0.00   0.00
dm-2             0.00    0.00      0.00      0.00     0.00     0.00   0.00   0.00    0.00    0.00   0.00     0.00     0.00   0.00   0.00
dm-3             0.00    0.77      0.00    788.11     0.00     0.00   0.00   0.00    0.00   56.91   0.04     0.00  1027.97  17.61   1.35

05/08/21 20:24:28
avg-cpu:  %user   %nice %system %iowait  %steal   %idle
          83.02    0.03   13.07    0.00    3.88    0.00

Device            r/s     w/s     rkB/s     wkB/s   rrqm/s   wrqm/s  %rrqm  %wrqm r_await w_await aqu-sz rareq-sz wareq-sz  svctm  %util
vda              0.00    0.12      0.00      0.45     0.00     0.02   0.00  12.50    0.00   69.86   0.01     0.00     3.86  70.14   0.82
vdb              0.00    5.85      0.00   4350.02     0.00     0.03   0.00   0.57    0.00  192.79   1.12     0.00   743.59   7.25   4.24
vdc              0.00    0.00      0.00      0.00     0.00     0.00   0.00   0.00    0.00    0.00   0.00     0.00     0.00   0.00   0.00
dm-0             0.00    0.13      0.00      0.57     0.00     0.00   0.00   0.00    0.00   74.25   0.01     0.00     4.25  61.38   0.82
dm-1             0.00    0.00      0.00      0.00     0.00     0.00   0.00   0.00    0.00    0.00   0.00     0.00     0.00   0.00   0.00
dm-2             0.00    0.00      0.00      0.00     0.00     0.00   0.00   0.00    0.00    0.00   0.00     0.00     0.00   0.00   0.00
dm-3             0.00    2.37      0.00   4127.82     0.00     0.00   0.00   0.00    0.00  214.35   0.51     0.00  1744.15  16.56   3.92

05/08/21 20:25:28
avg-cpu:  %user   %nice %system %iowait  %steal   %idle
          82.50    0.03   13.50    0.00    3.98    0.00

Device            r/s     w/s     rkB/s     wkB/s   rrqm/s   wrqm/s  %rrqm  %wrqm r_await w_await aqu-sz rareq-sz wareq-sz  svctm  %util
vda              0.00    0.10      0.00      0.38     0.00     0.02   0.00  14.29    0.00   51.83   0.01     0.00     3.83  42.83   0.43
vdb              0.00    0.33      0.00      1.87     0.00     0.02   0.00   4.76    0.00   74.85   0.02     0.00     5.60  32.95   1.10
vdc              0.00    0.00      0.00      0.00     0.00     0.00   0.00   0.00    0.00    0.00   0.00     0.00     0.00   0.00   0.00
dm-0             0.00    0.12      0.00      0.50     0.00     0.00   0.00   0.00    0.00   51.43   0.01     0.00     4.29  36.71   0.43
dm-1             0.00    0.00      0.00      0.00     0.00     0.00   0.00   0.00    0.00    0.00   0.00     0.00     0.00   0.00   0.00
dm-2             0.00    0.00      0.00      0.00     0.00     0.00   0.00   0.00    0.00    0.00   0.00     0.00     0.00   0.00   0.00
dm-3             0.00    0.35      0.00      2.39     0.00     0.00   0.00   0.00    0.00   76.14   0.03     0.00     6.83  31.38   1.10

05/08/21 20:26:28
avg-cpu:  %user   %nice %system %iowait  %steal   %idle
          83.36    0.02   12.67    0.00    3.95    0.00

Device            r/s     w/s     rkB/s     wkB/s   rrqm/s   wrqm/s  %rrqm  %wrqm r_await w_await aqu-sz rareq-sz wareq-sz  svctm  %util
vda              0.00    0.22      0.00      1.12     0.00     0.05   0.00  18.75    0.00   72.46   0.02     0.00     5.15  33.54   0.73
vdb              0.00    0.37      0.00      2.84     0.00     0.08   0.00  18.52    0.00   82.14   0.03     0.00     7.75  25.14   0.92
vdc              0.00    0.00      0.00      0.00     0.00     0.00   0.00   0.00    0.00    0.00   0.00     0.00     0.00   0.00   0.00
dm-0             0.00    0.27      0.00      1.28     0.00     0.00   0.00   0.00    0.00   72.94   0.02     0.00     4.81  27.25   0.73
dm-1             0.00    0.00      0.00      0.00     0.00     0.00   0.00   0.00    0.00    0.00   0.00     0.00     0.00   0.00   0.00
dm-2             0.00    0.00      0.00      0.00     0.00     0.00   0.00   0.00    0.00    0.00   0.00     0.00     0.00   0.00   0.00
dm-3             0.00    0.45      0.00      3.26     0.00     0.00   0.00   0.00    0.00   88.48   0.04     0.00     7.24  20.48   0.92

05/08/21 20:27:28
avg-cpu:  %user   %nice %system %iowait  %steal   %idle
          83.06    0.03   13.31    0.00    3.61    0.00

Device            r/s     w/s     rkB/s     wkB/s   rrqm/s   wrqm/s  %rrqm  %wrqm r_await w_await aqu-sz rareq-sz wareq-sz  svctm  %util
vda              0.00    0.20      0.00      0.82     0.00     0.03   0.00  14.29    0.00   46.50   0.01     0.00     4.08  28.42   0.57
vdb              0.00    0.50      0.00      3.81     0.00     0.02   0.00   3.23    0.00   93.90   0.05     0.00     7.62  27.07   1.35
vdc              0.00    0.00      0.00      0.00     0.00     0.00   0.00   0.00    0.00    0.00   0.00     0.00     0.00   0.00   0.00
dm-0             0.00    0.23      0.00      0.95     0.00     0.00   0.00   0.00    0.00   44.79   0.01     0.00     4.07  24.36   0.57
dm-1             0.00    0.00      0.00      0.00     0.00     0.00   0.00   0.00    0.00    0.00   0.00     0.00     0.00   0.00   0.00
dm-2             0.00    0.00      0.00      0.00     0.00     0.00   0.00   0.00    0.00    0.00   0.00     0.00     0.00   0.00   0.00
dm-3             0.00    0.52      0.00      4.27     0.00     0.00   0.00   0.00    0.00   92.58   0.05     0.00     8.26  26.16   1.35

05/08/21 20:28:28
avg-cpu:  %user   %nice %system %iowait  %steal   %idle
          82.65    0.96   12.54    0.00    3.85    0.00

Device            r/s     w/s     rkB/s     wkB/s   rrqm/s   wrqm/s  %rrqm  %wrqm r_await w_await aqu-sz rareq-sz wareq-sz  svctm  %util
vda              0.00    0.13      0.00      0.45     0.00     0.00   0.00   0.00    0.00   46.50   0.01     0.00     3.38  37.62   0.50
vdb              0.00    0.30      0.00      2.55     0.00     0.02   0.00   5.26    0.00   47.94   0.01     0.00     8.50  43.94   1.32
vdc              0.00    0.00      0.00      0.00     0.00     0.00   0.00   0.00    0.00    0.00   0.00     0.00     0.00   0.00   0.00
dm-0             0.00    0.13      0.00      0.57     0.00     0.00   0.00   0.00    0.00   46.25   0.01     0.00     4.25  37.50   0.50
dm-1             0.00    0.00      0.00      0.00     0.00     0.00   0.00   0.00    0.00    0.00   0.00     0.00     0.00   0.00   0.00
dm-2             0.00    0.00      0.00      0.00     0.00     0.00   0.00   0.00    0.00    0.00   0.00     0.00     0.00   0.00   0.00
dm-3             0.00    0.32      0.00      3.10     0.00     0.00   0.00   0.00    0.00   48.58   0.02     0.00     9.79  41.63   1.32

05/08/21 20:29:28
avg-cpu:  %user   %nice %system %iowait  %steal   %idle
          83.09    0.03   13.14    0.00    3.74    0.00

Device            r/s     w/s     rkB/s     wkB/s   rrqm/s   wrqm/s  %rrqm  %wrqm r_await w_await aqu-sz rareq-sz wareq-sz  svctm  %util
vda              0.00    0.32      0.00      2.44     0.00     0.08   0.00  20.83    0.00  153.68   0.05     0.00     7.71  23.37   0.74
vdb              0.00    0.43      0.00      3.00     0.00     0.02   0.00   3.70    0.00  117.12   0.05     0.00     6.92  27.69   1.20
vdc              0.00    0.00      0.00      0.00     0.00     0.00   0.00   0.00    0.00    0.00   0.00     0.00     0.00   0.00   0.00
dm-0             0.00    0.40      0.00      2.66     0.00     0.00   0.00   0.00    0.00  151.67   0.06     0.00     6.65  18.50   0.74
dm-1             0.00    0.00      0.00      0.00     0.00     0.00   0.00   0.00    0.00    0.00   0.00     0.00     0.00   0.00   0.00
dm-2             0.00    0.00      0.00      0.00     0.00     0.00   0.00   0.00    0.00    0.00   0.00     0.00     0.00   0.00   0.00
dm-3             0.00    0.45      0.00      3.59     0.00     0.00   0.00   0.00    0.00  115.96   0.05     0.00     7.98  26.67   1.20

05/08/21 20:30:28
avg-cpu:  %user   %nice %system %iowait  %steal   %idle
          82.41    0.02   13.64    0.00    3.93    0.00

Device            r/s     w/s     rkB/s     wkB/s   rrqm/s   wrqm/s  %rrqm  %wrqm r_await w_await aqu-sz rareq-sz wareq-sz  svctm  %util
vda              0.00    0.17      0.00      0.93     0.00     0.03   0.00  16.67    0.00   75.10   0.01     0.00     5.60  39.30   0.65
vdb              0.00    0.40      0.00      2.77     0.00     0.02   0.00   4.00    0.00   57.62   0.02     0.00     6.92  22.29   0.89
vdc              0.00    0.00      0.00      0.00     0.00     0.00   0.00   0.00    0.00    0.00   0.00     0.00     0.00   0.00   0.00
dm-0             0.00    0.20      0.00      1.06     0.00     0.00   0.00   0.00    0.00   77.58   0.02     0.00     5.29  32.67   0.65
dm-1             0.00    0.00      0.00      0.00     0.00     0.00   0.00   0.00    0.00    0.00   0.00     0.00     0.00   0.00   0.00
dm-2             0.00    0.00      0.00      0.00     0.00     0.00   0.00   0.00    0.00    0.00   0.00     0.00     0.00   0.00   0.00
dm-3             0.00    0.42      0.00      3.39     0.00     0.00   0.00   0.00    0.00   57.88   0.02     0.00     8.14  21.40   0.89

05/08/21 20:31:28
avg-cpu:  %user   %nice %system %iowait  %steal   %idle
          82.92    0.02   13.36    0.00    3.70    0.00

Device            r/s     w/s     rkB/s     wkB/s   rrqm/s   wrqm/s  %rrqm  %wrqm r_await w_await aqu-sz rareq-sz wareq-sz  svctm  %util
vda              0.00    0.27      0.00      1.39     0.00     0.03   0.00  11.11    0.00   80.19   0.02     0.00     5.22  24.06   0.64
vdb              0.00    0.32      0.00      1.60     0.00     0.02   0.00   5.00    0.00   44.53   0.01     0.00     5.05  26.84   0.85
vdc              0.00    0.00      0.00      0.00     0.00     0.00   0.00   0.00    0.00    0.00   0.00     0.00     0.00   0.00   0.00
dm-0             0.00    0.30      0.00      1.57     0.00     0.00   0.00   0.00    0.00   80.89   0.02     0.00     5.25  21.39   0.64
dm-1             0.00    0.00      0.00      0.00     0.00     0.00   0.00   0.00    0.00    0.00   0.00     0.00     0.00   0.00   0.00
dm-2             0.00    0.00      0.00      0.00     0.00     0.00   0.00   0.00    0.00    0.00   0.00     0.00     0.00   0.00   0.00
dm-3             0.00    0.33      0.00      2.12     0.00     0.00   0.00   0.00    0.00   45.00   0.01     0.00     6.38  25.55   0.85

