Linux 4.18.0-240.22.1.el8_3.x86_64 (k8s4) 	05/08/21 	_x86_64_	(2 CPU)

05/08/21 18:49:14
avg-cpu:  %user   %nice %system %iowait  %steal   %idle
           0.23    0.00    0.04    0.00    0.01    0.21

Device            r/s     w/s     rkB/s     wkB/s   rrqm/s   wrqm/s  %rrqm  %wrqm r_await w_await aqu-sz rareq-sz wareq-sz  svctm  %util
vda              0.00    0.35      0.00      2.91     0.00     0.12   0.00  25.00    0.00  233.43   0.08     0.00     8.31  35.29   1.23
vdb              0.00    1.20      0.00    351.42     0.00     0.10   0.00   7.69    0.00   51.88   0.06     0.00   292.85   9.51   1.14
vdc              0.00    0.00      0.00      0.00     0.00     0.00   0.00   0.00    0.00    0.00   0.00     0.00     0.00   0.00   0.00
dm-0             0.00    0.47      0.00      3.12     0.00     0.00   0.00   0.00    0.00  244.00   0.11     0.00     6.68  26.46   1.23
dm-1             0.00    0.00      0.00      0.00     0.00     0.00   0.00   0.00    0.00    0.00   0.00     0.00     0.00   0.00   0.00
dm-2             0.00    0.00      0.00      0.00     0.00     0.00   0.00   0.00    0.00    0.00   0.00     0.00     0.00   0.00   0.00
dm-3             0.00    0.63      0.00    351.61     0.00     0.00   0.00   0.00    0.00  102.53   0.06     0.00   555.17  16.29   1.03

05/08/21 18:50:14
avg-cpu:  %user   %nice %system %iowait  %steal   %idle
          47.44    0.02    7.70    0.00    1.21   43.63

Device            r/s     w/s     rkB/s     wkB/s   rrqm/s   wrqm/s  %rrqm  %wrqm r_await w_await aqu-sz rareq-sz wareq-sz  svctm  %util
vda              0.00    0.23      0.00      1.30     0.00     0.07   0.00  22.22    0.00  177.64   0.04     0.00     5.57  51.71   1.21
vdb              0.00    0.07      0.00      0.10     0.00     0.00   0.00   0.00    0.00   25.00   0.00     0.00     1.50  25.50   0.17
vdc              0.00    0.00      0.00      0.00     0.00     0.00   0.00   0.00    0.00    0.00   0.00     0.00     0.00   0.00   0.00
dm-0             0.00    0.30      0.00      1.44     0.00     0.00   0.00   0.00    0.00  177.00   0.05     0.00     4.81  40.22   1.21
dm-1             0.00    0.00      0.00      0.00     0.00     0.00   0.00   0.00    0.00    0.00   0.00     0.00     0.00   0.00   0.00
dm-2             0.00    0.00      0.00      0.00     0.00     0.00   0.00   0.00    0.00    0.00   0.00     0.00     0.00   0.00   0.00
dm-3             0.00    0.07      0.00      0.20     0.00     0.00   0.00   0.00    0.00   25.00   0.00     0.00     3.00  25.50   0.17

05/08/21 18:51:14
avg-cpu:  %user   %nice %system %iowait  %steal   %idle
          47.52    0.03    7.65    0.00    1.09   43.71

Device            r/s     w/s     rkB/s     wkB/s   rrqm/s   wrqm/s  %rrqm  %wrqm r_await w_await aqu-sz rareq-sz wareq-sz  svctm  %util
vda              0.00    0.13      0.00      0.55     0.00     0.02   0.00  11.11    0.00   69.25   0.01     0.00     4.12  58.75   0.78
vdb              0.00    0.07      0.00      0.17     0.00     0.00   0.00   0.00    0.00   30.25   0.00     0.00     2.50  30.75   0.21
vdc              0.00    0.00      0.00      0.00     0.00     0.00   0.00   0.00    0.00    0.00   0.00     0.00     0.00   0.00   0.00
dm-0             0.00    0.15      0.00      0.70     0.00     0.00   0.00   0.00    0.00   67.22   0.01     0.00     4.67  52.22   0.78
dm-1             0.00    0.00      0.00      0.00     0.00     0.00   0.00   0.00    0.00    0.00   0.00     0.00     0.00   0.00   0.00
dm-2             0.00    0.00      0.00      0.00     0.00     0.00   0.00   0.00    0.00    0.00   0.00     0.00     0.00   0.00   0.00
dm-3             0.00    0.07      0.00      0.33     0.00     0.00   0.00   0.00    0.00   29.75   0.00     0.00     5.00  30.75   0.21

05/08/21 18:52:14
avg-cpu:  %user   %nice %system %iowait  %steal   %idle
          47.69    0.03    7.11    0.06    1.24   43.88

Device            r/s     w/s     rkB/s     wkB/s   rrqm/s   wrqm/s  %rrqm  %wrqm r_await w_await aqu-sz rareq-sz wareq-sz  svctm  %util
vda              0.00    0.17      0.00      0.99     0.00     0.03   0.00  16.67    0.00   67.30   0.01     0.00     5.95  27.50   0.46
vdb              0.00    0.23      0.00      1.44     0.00     0.02   0.00   6.67    0.00   39.36   0.01     0.00     6.18  28.57   0.67
vdc              0.00    0.00      0.00      0.00     0.00     0.00   0.00   0.00    0.00    0.00   0.00     0.00     0.00   0.00   0.00
dm-0             0.00    0.20      0.00      1.11     0.00     0.00   0.00   0.00    0.00   69.58   0.01     0.00     5.54  22.92   0.46
dm-1             0.00    0.00      0.00      0.00     0.00     0.00   0.00   0.00    0.00    0.00   0.00     0.00     0.00   0.00   0.00
dm-2             0.00    0.00      0.00      0.00     0.00     0.00   0.00   0.00    0.00    0.00   0.00     0.00     0.00   0.00   0.00
dm-3             0.00    0.25      0.00      1.74     0.00     0.00   0.00   0.00    0.00   38.07   0.01     0.00     6.97  26.67   0.67

05/08/21 18:53:14
avg-cpu:  %user   %nice %system %iowait  %steal   %idle
          47.38    0.02    7.58    0.00    1.05   43.98

Device            r/s     w/s     rkB/s     wkB/s   rrqm/s   wrqm/s  %rrqm  %wrqm r_await w_await aqu-sz rareq-sz wareq-sz  svctm  %util
vda              0.00    0.13      0.00      0.53     0.00     0.02   0.00  11.11    0.00   49.12   0.01     0.00     4.00  45.50   0.61
vdb              0.00    0.20      0.00      1.74     0.00     0.02   0.00   7.69    0.00   84.08   0.02     0.00     8.71  20.50   0.41
vdc              0.00    0.00      0.00      0.00     0.00     0.00   0.00   0.00    0.00    0.00   0.00     0.00     0.00   0.00   0.00
dm-0             0.00    0.15      0.00      0.67     0.00     0.00   0.00   0.00    0.00   47.00   0.01     0.00     4.44  40.44   0.61
dm-1             0.00    0.00      0.00      0.00     0.00     0.00   0.00   0.00    0.00    0.00   0.00     0.00     0.00   0.00   0.00
dm-2             0.00    0.00      0.00      0.00     0.00     0.00   0.00   0.00    0.00    0.00   0.00     0.00     0.00   0.00   0.00
dm-3             0.00    0.22      0.00      1.94     0.00     0.00   0.00   0.00    0.00   85.77   0.02     0.00     8.96  18.92   0.41

05/08/21 18:54:14
avg-cpu:  %user   %nice %system %iowait  %steal   %idle
          47.23    0.03    7.93    0.00    1.11   43.69

Device            r/s     w/s     rkB/s     wkB/s   rrqm/s   wrqm/s  %rrqm  %wrqm r_await w_await aqu-sz rareq-sz wareq-sz  svctm  %util
vda              0.00    0.15      0.00      0.46     0.00     0.02   0.00  10.00    0.00   53.00   0.01     0.00     3.06  32.89   0.49
vdb              0.00    0.12      0.00      0.52     0.00     0.02   0.00  12.50    0.00   58.86   0.01     0.00     4.43  31.00   0.36
vdc              0.00    0.00      0.00      0.00     0.00     0.00   0.00   0.00    0.00    0.00   0.00     0.00     0.00   0.00   0.00
dm-0             0.00    0.17      0.00      0.57     0.00     0.00   0.00   0.00    0.00   54.20   0.01     0.00     3.45  29.70   0.49
dm-1             0.00    0.00      0.00      0.00     0.00     0.00   0.00   0.00    0.00    0.00   0.00     0.00     0.00   0.00   0.00
dm-2             0.00    0.00      0.00      0.00     0.00     0.00   0.00   0.00    0.00    0.00   0.00     0.00     0.00   0.00   0.00
dm-3             0.00    0.13      0.00      0.62     0.00     0.00   0.00   0.00    0.00   58.50   0.01     0.00     4.69  27.13   0.36

05/08/21 18:55:14
avg-cpu:  %user   %nice %system %iowait  %steal   %idle
          47.32    0.02    7.70    0.01    1.11   43.84

Device            r/s     w/s     rkB/s     wkB/s   rrqm/s   wrqm/s  %rrqm  %wrqm r_await w_await aqu-sz rareq-sz wareq-sz  svctm  %util
vda              0.00    0.12      0.00      0.36     0.00     0.00   0.00   0.00    0.00   72.29   0.01     0.00     3.07  50.43   0.59
vdb              0.20    0.07     28.80      0.17     0.00     0.00   0.00   0.00   23.50   37.75   0.01   144.00     2.50  11.56   0.31
vdc              0.00    0.00      0.00      0.00     0.00     0.00   0.00   0.00    0.00    0.00   0.00     0.00     0.00   0.00   0.00
dm-0             0.00    0.12      0.00      0.52     0.00     0.00   0.00   0.00    0.00   72.29   0.01     0.00     4.43  50.43   0.59
dm-1             0.00    0.00      0.00      0.00     0.00     0.00   0.00   0.00    0.00    0.00   0.00     0.00     0.00   0.00   0.00
dm-2             0.00    0.00      0.00      0.00     0.00     0.00   0.00   0.00    0.00    0.00   0.00     0.00     0.00   0.00   0.00
dm-3             0.18    0.07     28.80      0.33     0.00     0.00   0.00   0.00   23.18   37.50   0.01   157.09     5.00  12.33   0.31

05/08/21 18:56:14
avg-cpu:  %user   %nice %system %iowait  %steal   %idle
          47.53    0.02    7.29    0.00    1.06   44.10

Device            r/s     w/s     rkB/s     wkB/s   rrqm/s   wrqm/s  %rrqm  %wrqm r_await w_await aqu-sz rareq-sz wareq-sz  svctm  %util
vda              0.00    0.22      0.00      1.03     0.00     0.05   0.00  18.75    0.00   84.54   0.02     0.00     4.77  25.69   0.56
vdb              0.00    0.20      0.00      1.28     0.00     0.03   0.00  14.29    0.00   48.92   0.01     0.00     6.42  22.75   0.45
vdc              0.00    0.00      0.00      0.00     0.00     0.00   0.00   0.00    0.00    0.00   0.00     0.00     0.00   0.00   0.00
dm-0             0.00    0.27      0.00      1.18     0.00     0.00   0.00   0.00    0.00   88.50   0.02     0.00     4.44  20.88   0.56
dm-1             0.00    0.00      0.00      0.00     0.00     0.00   0.00   0.00    0.00    0.00   0.00     0.00     0.00   0.00   0.00
dm-2             0.00    0.00      0.00      0.00     0.00     0.00   0.00   0.00    0.00    0.00   0.00     0.00     0.00   0.00   0.00
dm-3             0.00    0.23      0.00      1.42     0.00     0.00   0.00   0.00    0.00   49.07   0.01     0.00     6.07  19.50   0.45

05/08/21 18:57:14
avg-cpu:  %user   %nice %system %iowait  %steal   %idle
          47.28    0.02    7.51    0.04    1.14   44.01

Device            r/s     w/s     rkB/s     wkB/s   rrqm/s   wrqm/s  %rrqm  %wrqm r_await w_await aqu-sz rareq-sz wareq-sz  svctm  %util
vda              0.00    0.13      0.00      0.47     0.00     0.03   0.00  20.00    0.00   76.12   0.01     0.00     3.56  61.88   0.82
vdb              0.00    0.12      0.00      0.33     0.00     0.00   0.00   0.00    0.00   45.43   0.01     0.00     2.79  45.71   0.53
vdc              0.00    0.00      0.00      0.00     0.00     0.00   0.00   0.00    0.00    0.00   0.00     0.00     0.00   0.00   0.00
dm-0             0.00    0.17      0.00      0.61     0.00     0.00   0.00   0.00    0.00   75.40   0.01     0.00     3.65  49.50   0.82
dm-1             0.00    0.00      0.00      0.00     0.00     0.00   0.00   0.00    0.00    0.00   0.00     0.00     0.00   0.00   0.00
dm-2             0.00    0.00      0.00      0.00     0.00     0.00   0.00   0.00    0.00    0.00   0.00     0.00     0.00   0.00   0.00
dm-3             0.00    0.12      0.00      0.58     0.00     0.00   0.00   0.00    0.00   45.14   0.01     0.00     5.00  45.71   0.53

05/08/21 18:58:14
avg-cpu:  %user   %nice %system %iowait  %steal   %idle
          46.72    0.03    7.29    0.00    1.04   44.93

Device            r/s     w/s     rkB/s     wkB/s   rrqm/s   wrqm/s  %rrqm  %wrqm r_await w_await aqu-sz rareq-sz wareq-sz  svctm  %util
vda              0.00    0.13      0.00      0.40     0.00     0.00   0.00   0.00    0.00   57.88   0.01     0.00     3.00  58.38   0.78
vdb              0.00    0.13      0.00      0.98     0.00     0.07   0.00  33.33    0.00   77.75   0.01     0.00     7.38  24.38   0.33
vdc              0.00    0.00      0.00      0.00     0.00     0.00   0.00   0.00    0.00    0.00   0.00     0.00     0.00   0.00   0.00
dm-0             0.00    0.13      0.00      0.53     0.00     0.00   0.00   0.00    0.00   57.50   0.01     0.00     4.00  58.38   0.78
dm-1             0.00    0.00      0.00      0.00     0.00     0.00   0.00   0.00    0.00    0.00   0.00     0.00     0.00   0.00   0.00
dm-2             0.00    0.00      0.00      0.00     0.00     0.00   0.00   0.00    0.00    0.00   0.00     0.00     0.00   0.00   0.00
dm-3             0.00    0.20      0.00      1.15     0.00     0.00   0.00   0.00    0.00   87.25   0.02     0.00     5.75  16.25   0.33

