Linux 4.18.0-240.22.1.el8_3.x86_64 (k8s4) 	05/08/21 	_x86_64_	(2 CPU)

05/08/21 19:00:15
avg-cpu:  %user   %nice %system %iowait  %steal   %idle
           0.35    0.00    0.06    0.00    0.02    0.04

Device            r/s     w/s     rkB/s     wkB/s   rrqm/s   wrqm/s  %rrqm  %wrqm r_await w_await aqu-sz rareq-sz wareq-sz  svctm  %util
vda              0.00    0.35      0.00      2.42     0.00     0.07   0.00  16.00    0.00  134.24   0.05     0.00     6.90  28.81   1.01
vdb              0.00    0.20      0.00      0.84     0.00     0.02   0.00   7.69    0.00   51.33   0.01     0.00     4.21  21.00   0.42
vdc              0.00    0.00      0.00      0.00     0.00     0.00   0.00   0.00    0.00    0.00   0.00     0.00     0.00   0.00   0.00
dm-0             0.00    0.42      0.00      2.67     0.00     0.00   0.00   0.00    0.00  149.16   0.06     0.00     6.42  24.20   1.01
dm-1             0.00    0.00      0.00      0.00     0.00     0.00   0.00   0.00    0.00    0.00   0.00     0.00     0.00   0.00   0.00
dm-2             0.00    0.00      0.00      0.00     0.00     0.00   0.00   0.00    0.00    0.00   0.00     0.00     0.00   0.00   0.00
dm-3             0.00    0.22      0.00      1.07     0.00     0.00   0.00   0.00    0.00   52.85   0.01     0.00     4.96  19.38   0.42

05/08/21 19:01:15
avg-cpu:  %user   %nice %system %iowait  %steal   %idle
          72.23    0.03   11.78    0.00    3.04   12.93

Device            r/s     w/s     rkB/s     wkB/s   rrqm/s   wrqm/s  %rrqm  %wrqm r_await w_await aqu-sz rareq-sz wareq-sz  svctm  %util
vda              0.00    0.28      0.00      1.83     0.00     0.02   0.00   5.56    0.00  108.94   0.03     0.00     6.47  32.59   0.92
vdb              0.00    0.25      0.00      1.57     0.00     0.03   0.00  11.76    0.00   65.53   0.02     0.00     6.30  25.20   0.63
vdc              0.00    0.00      0.00      0.00     0.00     0.00   0.00   0.00    0.00    0.00   0.00     0.00     0.00   0.00   0.00
dm-0             0.00    0.30      0.00      1.99     0.00     0.00   0.00   0.00    0.00  113.78   0.03     0.00     6.64  30.78   0.92
dm-1             0.00    0.00      0.00      0.00     0.00     0.00   0.00   0.00    0.00    0.00   0.00     0.00     0.00   0.00   0.00
dm-2             0.00    0.00      0.00      0.00     0.00     0.00   0.00   0.00    0.00    0.00   0.00     0.00     0.00   0.00   0.00
dm-3             0.00    0.28      0.00      1.73     0.00     0.00   0.00   0.00    0.00   65.12   0.02     0.00     6.12  22.24   0.63

05/08/21 19:02:15
avg-cpu:  %user   %nice %system %iowait  %steal   %idle
          77.34    0.02   12.02    0.00    3.17    7.46

Device            r/s     w/s     rkB/s     wkB/s   rrqm/s   wrqm/s  %rrqm  %wrqm r_await w_await aqu-sz rareq-sz wareq-sz  svctm  %util
vda              0.00    0.23      0.00      1.63     0.00     0.02   0.00   6.67    0.00   69.29   0.02     0.00     7.00  45.00   1.05
vdb              0.00    0.20      0.00      1.02     0.00     0.00   0.00   0.00    0.00   52.83   0.01     0.00     5.08  23.75   0.47
vdc              0.00    0.00      0.00      0.00     0.00     0.00   0.00   0.00    0.00    0.00   0.00     0.00     0.00   0.00   0.00
dm-0             0.00    0.25      0.00      1.80     0.00     0.00   0.00   0.00    0.00   69.40   0.02     0.00     7.20  42.00   1.05
dm-1             0.00    0.00      0.00      0.00     0.00     0.00   0.00   0.00    0.00    0.00   0.00     0.00     0.00   0.00   0.00
dm-2             0.00    0.00      0.00      0.00     0.00     0.00   0.00   0.00    0.00    0.00   0.00     0.00     0.00   0.00   0.00
dm-3             0.00    0.20      0.00      1.37     0.00     0.00   0.00   0.00    0.00   52.58   0.01     0.00     6.83  23.75   0.47

05/08/21 19:03:15
avg-cpu:  %user   %nice %system %iowait  %steal   %idle
          70.18    0.02   11.21    0.04    2.77   15.78

Device            r/s     w/s     rkB/s     wkB/s   rrqm/s   wrqm/s  %rrqm  %wrqm r_await w_await aqu-sz rareq-sz wareq-sz  svctm  %util
vda              0.00    0.23      0.00      1.69     0.00     0.02   0.00   6.67    0.00   83.00   0.02     0.00     7.25  46.79   1.09
vdb              0.00    0.22      0.00      1.49     0.00     0.02   0.00   7.14    0.00   56.54   0.01     0.00     6.88  22.23   0.48
vdc              0.00    0.00      0.00      0.00     0.00     0.00   0.00   0.00    0.00    0.00   0.00     0.00     0.00   0.00   0.00
dm-0             0.00    0.25      0.00      1.85     0.00     0.00   0.00   0.00    0.00   85.60   0.02     0.00     7.40  43.67   1.09
dm-1             0.00    0.00      0.00      0.00     0.00     0.00   0.00   0.00    0.00    0.00   0.00     0.00     0.00   0.00   0.00
dm-2             0.00    0.00      0.00      0.00     0.00     0.00   0.00   0.00    0.00    0.00   0.00     0.00     0.00   0.00   0.00
dm-3             0.00    0.23      0.00      1.71     0.00     0.00   0.00   0.00    0.00   57.57   0.01     0.00     7.32  20.64   0.48

05/08/21 19:04:15
avg-cpu:  %user   %nice %system %iowait  %steal   %idle
          78.54    0.02   11.43    0.00    3.17    6.84

Device            r/s     w/s     rkB/s     wkB/s   rrqm/s   wrqm/s  %rrqm  %wrqm r_await w_await aqu-sz rareq-sz wareq-sz  svctm  %util
vda              0.00    0.32      0.00      2.22     0.00     0.07   0.00  17.39    0.00   96.58   0.03     0.00     7.00  21.26   0.67
vdb              0.00    0.12      0.00      0.57     0.00     0.02   0.00  12.50    0.00   55.71   0.01     0.00     4.93  26.29   0.31
vdc              0.00    0.00      0.00      0.00     0.00     0.00   0.00   0.00    0.00    0.00   0.00     0.00     0.00   0.00   0.00
dm-0             0.00    0.38      0.00      2.42     0.00     0.00   0.00   0.00    0.00  105.17   0.04     0.00     6.30  17.57   0.67
dm-1             0.00    0.00      0.00      0.00     0.00     0.00   0.00   0.00    0.00    0.00   0.00     0.00     0.00   0.00   0.00
dm-2             0.00    0.00      0.00      0.00     0.00     0.00   0.00   0.00    0.00    0.00   0.00     0.00     0.00   0.00   0.00
dm-3             0.00    0.13      0.00      0.74     0.00     0.00   0.00   0.00    0.00   57.25   0.01     0.00     5.56  23.00   0.31

05/08/21 19:05:15
avg-cpu:  %user   %nice %system %iowait  %steal   %idle
          70.75    0.02   10.45    0.00    3.18   15.61

Device            r/s     w/s     rkB/s     wkB/s   rrqm/s   wrqm/s  %rrqm  %wrqm r_await w_await aqu-sz rareq-sz wareq-sz  svctm  %util
vda              0.00    0.13      0.00      0.92     0.00     0.03   0.00  20.00    0.00   88.12   0.01     0.00     6.94  53.62   0.71
vdb              0.00    0.23      0.00      1.29     0.00     0.02   0.00   6.67    0.00   59.07   0.01     0.00     5.54  12.29   0.29
vdc              0.00    0.00      0.00      0.00     0.00     0.00   0.00   0.00    0.00    0.00   0.00     0.00     0.00   0.00   0.00
dm-0             0.00    0.17      0.00      1.05     0.00     0.00   0.00   0.00    0.00   98.10   0.02     0.00     6.30  42.90   0.71
dm-1             0.00    0.00      0.00      0.00     0.00     0.00   0.00   0.00    0.00    0.00   0.00     0.00     0.00   0.00   0.00
dm-2             0.00    0.00      0.00      0.00     0.00     0.00   0.00   0.00    0.00    0.00   0.00     0.00     0.00   0.00   0.00
dm-3             0.00    0.25      0.00      1.57     0.00     0.00   0.00   0.00    0.00   61.07   0.02     0.00     6.30  11.47   0.29

05/08/21 19:06:15
avg-cpu:  %user   %nice %system %iowait  %steal   %idle
          62.96    0.02    9.95    0.00    2.36   24.72

Device            r/s     w/s     rkB/s     wkB/s   rrqm/s   wrqm/s  %rrqm  %wrqm r_await w_await aqu-sz rareq-sz wareq-sz  svctm  %util
vda              0.00    0.10      0.00      0.33     0.00     0.02   0.00  14.29    0.00   40.83   0.00     0.00     3.33  41.33   0.41
vdb              0.00    0.22      0.00      1.55     0.00     0.03   0.00  13.33    0.00   45.77   0.01     0.00     7.15  20.15   0.44
vdc              0.00    0.00      0.00      0.00     0.00     0.00   0.00   0.00    0.00    0.00   0.00     0.00     0.00   0.00   0.00
dm-0             0.00    0.12      0.00      0.47     0.00     0.00   0.00   0.00    0.00   44.14   0.01     0.00     4.00  35.43   0.41
dm-1             0.00    0.00      0.00      0.00     0.00     0.00   0.00   0.00    0.00    0.00   0.00     0.00     0.00   0.00   0.00
dm-2             0.00    0.00      0.00      0.00     0.00     0.00   0.00   0.00    0.00    0.00   0.00     0.00     0.00   0.00   0.00
dm-3             0.00    0.25      0.00      1.68     0.00     0.00   0.00   0.00    0.00   44.80   0.01     0.00     6.73  17.47   0.44

05/08/21 19:07:15
avg-cpu:  %user   %nice %system %iowait  %steal   %idle
          68.96    0.02   10.35    0.03    2.67   17.98

Device            r/s     w/s     rkB/s     wkB/s   rrqm/s   wrqm/s  %rrqm  %wrqm r_await w_await aqu-sz rareq-sz wareq-sz  svctm  %util
vda              0.00    0.27      0.00      0.92     0.00     0.02   0.00   5.88    0.00   51.81   0.01     0.00     3.44  30.12   0.80
vdb              0.00    0.10      0.00      0.32     0.00     0.00   0.00   0.00    0.00   29.33   0.00     0.00     3.17  30.00   0.30
vdc              0.00    0.00      0.00      0.00     0.00     0.00   0.00   0.00    0.00    0.00   0.00     0.00     0.00   0.00   0.00
dm-0             0.00    0.28      0.00      1.17     0.00     0.00   0.00   0.00    0.00   53.41   0.02     0.00     4.12  28.35   0.80
dm-1             0.00    0.00      0.00      0.00     0.00     0.00   0.00   0.00    0.00    0.00   0.00     0.00     0.00   0.00   0.00
dm-2             0.00    0.00      0.00      0.00     0.00     0.00   0.00   0.00    0.00    0.00   0.00     0.00     0.00   0.00   0.00
dm-3             0.00    0.10      0.00      0.50     0.00     0.00   0.00   0.00    0.00   29.17   0.00     0.00     5.00  30.00   0.30

05/08/21 19:08:15
avg-cpu:  %user   %nice %system %iowait  %steal   %idle
          78.50    0.02   12.32    0.00    3.34    5.83

Device            r/s     w/s     rkB/s     wkB/s   rrqm/s   wrqm/s  %rrqm  %wrqm r_await w_await aqu-sz rareq-sz wareq-sz  svctm  %util
vda              0.00    0.18      0.00      1.15     0.00     0.03   0.00  15.38    0.00   68.82   0.01     0.00     6.27  44.91   0.82
vdb              0.00    0.18      0.00      1.56     0.00     0.08   0.00  31.25    0.00   48.27   0.01     0.00     8.50  18.91   0.35
vdc              0.00    0.00      0.00      0.00     0.00     0.00   0.00   0.00    0.00    0.00   0.00     0.00     0.00   0.00   0.00
dm-0             0.00    0.22      0.00      1.29     0.00     0.00   0.00   0.00    0.00   68.15   0.01     0.00     5.96  38.00   0.82
dm-1             0.00    0.00      0.00      0.00     0.00     0.00   0.00   0.00    0.00    0.00   0.00     0.00     0.00   0.00   0.00
dm-2             0.00    0.00      0.00      0.00     0.00     0.00   0.00   0.00    0.00    0.00   0.00     0.00     0.00   0.00   0.00
dm-3             0.00    0.27      0.00      1.77     0.00     0.00   0.00   0.00    0.00   51.56   0.01     0.00     6.62  13.00   0.35

05/08/21 19:09:15
avg-cpu:  %user   %nice %system %iowait  %steal   %idle
          60.79    0.03    9.68    0.00    2.39   27.13

Device            r/s     w/s     rkB/s     wkB/s   rrqm/s   wrqm/s  %rrqm  %wrqm r_await w_await aqu-sz rareq-sz wareq-sz  svctm  %util
vda              0.00    0.12      0.00      0.34     0.00     0.00   0.00   0.00    0.00   69.29   0.01     0.00     2.93  45.29   0.53
vdb              0.00    0.17      0.00      0.84     0.00     0.00   0.00   0.00    0.00   98.20   0.02     0.00     5.05  46.60   0.78
vdc              0.00    0.00      0.00      0.00     0.00     0.00   0.00   0.00    0.00    0.00   0.00     0.00     0.00   0.00   0.00
dm-0             0.00    0.12      0.00      0.48     0.00     0.00   0.00   0.00    0.00   68.86   0.01     0.00     4.14  45.29   0.53
dm-1             0.00    0.00      0.00      0.00     0.00     0.00   0.00   0.00    0.00    0.00   0.00     0.00     0.00   0.00   0.00
dm-2             0.00    0.00      0.00      0.00     0.00     0.00   0.00   0.00    0.00    0.00   0.00     0.00     0.00   0.00   0.00
dm-3             0.00    0.17      0.00      1.02     0.00     0.00   0.00   0.00    0.00   98.30   0.02     0.00     6.10  46.60   0.78

