Linux 4.18.0-240.22.1.el8_3.x86_64 (k8s4) 	05/08/21 	_x86_64_	(2 CPU)

05/08/21 19:43:35
avg-cpu:  %user   %nice %system %iowait  %steal   %idle
           0.33    0.00    0.04    0.00    0.01    0.00

Device            r/s     w/s     rkB/s     wkB/s   rrqm/s   wrqm/s  %rrqm  %wrqm r_await w_await aqu-sz rareq-sz wareq-sz  svctm  %util
vda              0.00    0.18      0.00      0.98     0.00     0.00   0.00   0.00    0.00   48.00   0.01     0.00     5.36  34.09   0.62
vdb              0.00    0.73      0.00    272.65     0.00     0.02   0.00   2.22    0.00   62.32   0.05     0.00   371.85  12.09   0.89
vdc              0.00    0.00      0.00      0.00     0.00     0.00   0.00   0.00    0.00    0.00   0.00     0.00     0.00   0.00   0.00
dm-0             0.00    0.18      0.00      1.17     0.00     0.00   0.00   0.00    0.00   47.64   0.01     0.00     6.36  34.00   0.62
dm-1             0.00    0.00      0.00      0.00     0.00     0.00   0.00   0.00    0.00    0.00   0.00     0.00     0.00   0.00   0.00
dm-2             0.00    0.00      0.00      0.00     0.00     0.00   0.00   0.00    0.00    0.00   0.00     0.00     0.00   0.00   0.00
dm-3             0.00    0.42      0.00    273.13     0.00     0.00   0.00   0.00    0.00   97.88   0.04     0.00   655.62  19.48   0.81

05/08/21 19:44:35
avg-cpu:  %user   %nice %system %iowait  %steal   %idle
          82.21    0.97   12.89    0.00    3.93    0.00

Device            r/s     w/s     rkB/s     wkB/s   rrqm/s   wrqm/s  %rrqm  %wrqm r_await w_await aqu-sz rareq-sz wareq-sz  svctm  %util
vda              0.00    0.20      0.00      1.35     0.00     0.02   0.00   7.69    0.00   79.58   0.02     0.00     6.75  33.75   0.68
vdb              0.00    5.90      0.00   4900.73     0.00     0.07   0.00   1.12    0.00   98.47   0.58     0.00   830.63   8.33   4.91
vdc              0.00    0.00      0.00      0.00     0.00     0.00   0.00   0.00    0.00    0.00   0.00     0.00     0.00   0.00   0.00
dm-0             0.00    0.22      0.00      1.56     0.00     0.00   0.00   0.00    0.00   83.08   0.02     0.00     7.19  31.15   0.68
dm-1             0.00    0.00      0.00      0.00     0.00     0.00   0.00   0.00    0.00    0.00   0.00     0.00     0.00   0.00   0.00
dm-2             0.00    0.00      0.00      0.00     0.00     0.00   0.00   0.00    0.00    0.00   0.00     0.00     0.00   0.00   0.00
dm-3             0.00    2.93      0.00   4901.78     0.00     0.00   0.00   0.00    0.00  118.35   0.35     0.00  1671.06  16.13   4.73

05/08/21 19:45:35
avg-cpu:  %user   %nice %system %iowait  %steal   %idle
          82.00    0.02   13.72    0.00    4.26    0.00

Device            r/s     w/s     rkB/s     wkB/s   rrqm/s   wrqm/s  %rrqm  %wrqm r_await w_await aqu-sz rareq-sz wareq-sz  svctm  %util
vda              0.00    0.38      0.00      2.83     0.00     0.07   0.00  14.81    0.00  219.52   0.08     0.00     7.37  34.52   1.32
vdb              0.00    7.07      0.00   5390.76     0.00     0.07   0.00   0.93    0.00   71.49   0.50     0.00   762.84   6.73   4.75
vdc              0.00    0.00      0.00      0.00     0.00     0.00   0.00   0.00    0.00    0.00   0.00     0.00     0.00   0.00   0.00
dm-0             0.00    0.45      0.00      2.95     0.00     0.00   0.00   0.00    0.00  227.37   0.10     0.00     6.56  29.41   1.32
dm-1             0.00    0.00      0.00      0.00     0.00     0.00   0.00   0.00    0.00    0.00   0.00     0.00     0.00   0.00   0.00
dm-2             0.00    0.00      0.00      0.00     0.00     0.00   0.00   0.00    0.00    0.00   0.00     0.00     0.00   0.00   0.00
dm-3             0.00    2.95      0.00   5391.85     0.00     0.00   0.00   0.00    0.00   85.41   0.25     0.00  1827.75  15.18   4.48

05/08/21 19:46:35
avg-cpu:  %user   %nice %system %iowait  %steal   %idle
          81.97    0.02   13.93    0.00    4.08    0.00

Device            r/s     w/s     rkB/s     wkB/s   rrqm/s   wrqm/s  %rrqm  %wrqm r_await w_await aqu-sz rareq-sz wareq-sz  svctm  %util
vda              0.00    0.13      0.00      0.52     0.00     0.00   0.00   0.00    0.00   74.50   0.01     0.00     3.88  50.38   0.67
vdb              0.00    7.62      0.00   5711.39     0.00     0.08   0.00   1.08    0.00   70.71   0.53     0.00   749.85   6.79   5.17
vdc              0.00    0.00      0.00      0.00     0.00     0.00   0.00   0.00    0.00    0.00   0.00     0.00     0.00   0.00   0.00
dm-0             0.00    0.13      0.00      0.63     0.00     0.00   0.00   0.00    0.00   74.25   0.01     0.00     4.75  50.38   0.67
dm-1             0.00    0.00      0.00      0.00     0.00     0.00   0.00   0.00    0.00    0.00   0.00     0.00     0.00   0.00   0.00
dm-2             0.00    0.00      0.00      0.00     0.00     0.00   0.00   0.00    0.00    0.00   0.00     0.00     0.00   0.00   0.00
dm-3             0.00    3.25      0.00   5712.91     0.00     0.00   0.00   0.00    0.00   86.17   0.28     0.00  1757.82  14.82   4.82

05/08/21 19:47:35
avg-cpu:  %user   %nice %system %iowait  %steal   %idle
          83.30    0.02   12.65    0.00    4.03    0.00

Device            r/s     w/s     rkB/s     wkB/s   rrqm/s   wrqm/s  %rrqm  %wrqm r_await w_await aqu-sz rareq-sz wareq-sz  svctm  %util
vda              0.00    0.15      0.00      0.62     0.00     0.00   0.00   0.00    0.00   59.22   0.01     0.00     4.17  49.78   0.75
vdb              0.00    9.08      0.00   7159.49     0.00     0.08   0.00   0.91    0.00  114.48   1.04     0.00   788.20   6.76   6.14
vdc              0.00    0.00      0.00      0.00     0.00     0.00   0.00   0.00    0.00    0.00   0.00     0.00     0.00   0.00   0.00
dm-0             0.00    0.15      0.00      0.78     0.00     0.00   0.00   0.00    0.00   58.78   0.01     0.00     5.22  49.78   0.75
dm-1             0.00    0.00      0.00      0.00     0.00     0.00   0.00   0.00    0.00    0.00   0.00     0.00     0.00   0.00   0.00
dm-2             0.00    0.00      0.00      0.00     0.00     0.00   0.00   0.00    0.00    0.00   0.00     0.00     0.00   0.00   0.00
dm-3             0.00    3.82      0.00   7160.57     0.00     0.00   0.00   0.00    0.00  131.67   0.50     0.00  1876.13  14.97   5.71

05/08/21 19:48:35
avg-cpu:  %user   %nice %system %iowait  %steal   %idle
          80.14    0.98   14.77    0.00    4.12    0.00

Device            r/s     w/s     rkB/s     wkB/s   rrqm/s   wrqm/s  %rrqm  %wrqm r_await w_await aqu-sz rareq-sz wareq-sz  svctm  %util
vda              0.00    0.43      0.00      2.83     0.00     0.08   0.00  16.13    0.00  193.38   0.08     0.00     6.52  28.35   1.23
vdb              0.00   13.28      0.00  10543.10     0.00     0.13   0.00   0.99    0.00  201.16   2.67     0.00   793.71   7.18   9.54
vdc              0.00    0.00      0.00      0.00     0.00     0.00   0.00   0.00    0.00    0.00   0.00     0.00     0.00   0.00   0.00
dm-0             0.00    0.52      0.00      3.08     0.00     0.00   0.00   0.00    0.00  201.29   0.10     0.00     5.95  23.77   1.23
dm-1             0.00    0.00      0.00      0.00     0.00     0.00   0.00   0.00    0.00    0.00   0.00     0.00     0.00   0.00   0.00
dm-2             0.00    0.00      0.00      0.00     0.00     0.00   0.00   0.00    0.00    0.00   0.00     0.00     0.00   0.00   0.00
dm-3             0.00    5.90      0.00  10544.58     0.00     0.00   0.00   0.00    0.00  220.82   1.30     0.00  1787.22  15.90   9.38

05/08/21 19:49:35
avg-cpu:  %user   %nice %system %iowait  %steal   %idle
          81.51    0.98   13.68    0.00    3.83    0.00

Device            r/s     w/s     rkB/s     wkB/s   rrqm/s   wrqm/s  %rrqm  %wrqm r_await w_await aqu-sz rareq-sz wareq-sz  svctm  %util
vda              0.00    0.22      0.00      0.97     0.00     0.02   0.00   7.14    0.00   74.77   0.02     0.00     4.46  45.15   0.98
vdb              0.00    5.35      0.00   3852.87     0.00     0.07   0.00   1.23    0.00   88.55   0.47     0.00   720.28   6.69   3.58
vdc              0.00    0.00      0.00      0.00     0.00     0.00   0.00   0.00    0.00    0.00   0.00     0.00     0.00   0.00   0.00
dm-0             0.00    0.23      0.00      1.19     0.00     0.00   0.00   0.00    0.00   76.14   0.02     0.00     5.11  41.93   0.98
dm-1             0.00    0.00      0.00      0.00     0.00     0.00   0.00   0.00    0.00    0.00   0.00     0.00     0.00   0.00   0.00
dm-2             0.00    0.00      0.00      0.00     0.00     0.00   0.00   0.00    0.00    0.00   0.00     0.00     0.00   0.00   0.00
dm-3             0.00    2.22      0.00   3853.97     0.00     0.00   0.00   0.00    0.00  107.14   0.24     0.00  1738.92  15.90   3.52

05/08/21 19:50:35
avg-cpu:  %user   %nice %system %iowait  %steal   %idle
          82.55    0.01   13.28    0.00    4.16    0.00

Device            r/s     w/s     rkB/s     wkB/s   rrqm/s   wrqm/s  %rrqm  %wrqm r_await w_await aqu-sz rareq-sz wareq-sz  svctm  %util
vda              0.00    0.40      0.00      2.78     0.00     0.07   0.00  14.29    0.00  215.38   0.09     0.00     6.96  32.67   1.31
vdb              0.00    6.78      0.00   4312.32     0.00     0.05   0.00   0.73    0.00   80.03   0.54     0.00   635.72   6.51   4.41
vdc              0.00    0.00      0.00      0.00     0.00     0.00   0.00   0.00    0.00    0.00   0.00     0.00     0.00   0.00   0.00
dm-0             0.00    0.47      0.00      2.93     0.00     0.00   0.00   0.00    0.00  223.82   0.10     0.00     6.29  28.00   1.31
dm-1             0.00    0.00      0.00      0.00     0.00     0.00   0.00   0.00    0.00    0.00   0.00     0.00     0.00   0.00   0.00
dm-2             0.00    0.00      0.00      0.00     0.00     0.00   0.00   0.00    0.00    0.00   0.00     0.00     0.00   0.00   0.00
dm-3             0.00    2.63      0.00   4313.36     0.00     0.00   0.00   0.00    0.00  106.63   0.28     0.00  1637.98  16.53   4.35

05/08/21 19:51:35
avg-cpu:  %user   %nice %system %iowait  %steal   %idle
          84.64    0.03   11.51    0.00    3.83    0.00

Device            r/s     w/s     rkB/s     wkB/s   rrqm/s   wrqm/s  %rrqm  %wrqm r_await w_await aqu-sz rareq-sz wareq-sz  svctm  %util
vda              0.00    0.23      0.00      1.43     0.00     0.02   0.00   6.67    0.00   85.86   0.02     0.00     6.11  38.43   0.90
vdb              0.00    4.32      0.00   3038.67     0.00     0.00   0.00   0.00    0.00   55.68   0.24     0.00   703.94   7.80   3.37
vdc              0.00    0.00      0.00      0.00     0.00     0.00   0.00   0.00    0.00    0.00   0.00     0.00     0.00   0.00   0.00
dm-0             0.00    0.25      0.00      1.57     0.00     0.00   0.00   0.00    0.00   87.53   0.02     0.00     6.30  35.87   0.90
dm-1             0.00    0.00      0.00      0.00     0.00     0.00   0.00   0.00    0.00    0.00   0.00     0.00     0.00   0.00   0.00
dm-2             0.00    0.00      0.00      0.00     0.00     0.00   0.00   0.00    0.00    0.00   0.00     0.00     0.00   0.00   0.00
dm-3             0.00    1.57      0.00   3039.27     0.00     0.00   0.00   0.00    0.00   72.01   0.11     0.00  1939.96  19.95   3.12

05/08/21 19:52:35
avg-cpu:  %user   %nice %system %iowait  %steal   %idle
          82.89    0.03   13.18    0.00    3.91    0.00

Device            r/s     w/s     rkB/s     wkB/s   rrqm/s   wrqm/s  %rrqm  %wrqm r_await w_await aqu-sz rareq-sz wareq-sz  svctm  %util
vda              0.00    0.13      0.00      0.52     0.00     0.00   0.00   0.00    0.00   66.25   0.01     0.00     3.88  51.75   0.69
vdb              0.00    7.42      0.00   5933.93     0.00     0.20   0.00   2.63    0.00  146.18   1.08     0.00   800.08   7.97   5.91
vdc              0.00    0.00      0.00      0.00     0.00     0.00   0.00   0.00    0.00    0.00   0.00     0.00     0.00   0.00   0.00
dm-0             0.00    0.13      0.00      0.63     0.00     0.00   0.00   0.00    0.00   65.75   0.01     0.00     4.75  51.75   0.69
dm-1             0.00    0.00      0.00      0.00     0.00     0.00   0.00   0.00    0.00    0.00   0.00     0.00     0.00   0.00   0.00
dm-2             0.00    0.00      0.00      0.00     0.00     0.00   0.00   0.00    0.00    0.00   0.00     0.00     0.00   0.00   0.00
dm-3             0.00    3.43      0.00   5935.30     0.00     0.00   0.00   0.00    0.00  160.70   0.55     0.00  1728.73  16.16   5.55

