Linux 4.18.0-240.22.1.el8_3.x86_64 (k8s4) 	05/09/21 	_x86_64_	(2 CPU)

05/09/21 12:42:04
avg-cpu:  %user   %nice %system %iowait  %steal   %idle
           5.36    0.00    0.84    0.00    0.23    0.00

Device            r/s     w/s     rkB/s     wkB/s   rrqm/s   wrqm/s  %rrqm  %wrqm r_await w_await aqu-sz rareq-sz wareq-sz  svctm  %util
vda              0.10    0.20      1.40      1.50     0.00     0.02   0.00   7.69   12.33   74.50   0.02    14.00     7.50  26.89   0.81
vdb              0.00    0.38      0.00      1.86     0.00     0.02   0.00   4.17    0.00   47.13   0.02     0.00     4.85  16.87   0.65
vdc              0.00    0.00      0.00      0.00     0.00     0.00   0.00   0.00    0.00    0.00   0.00     0.00     0.00   0.00   0.00
dm-0             0.10    0.22      1.40      1.67     0.00     0.00   0.00   0.00   12.50   75.31   0.02    14.00     7.69  25.53   0.81
dm-1             0.00    0.00      0.00      0.00     0.00     0.00   0.00   0.00    0.00    0.00   0.00     0.00     0.00   0.00   0.00
dm-2             0.00    0.00      0.00      0.00     0.00     0.00   0.00   0.00    0.00    0.00   0.00     0.00     0.00   0.00   0.00
dm-3             0.00    0.40      0.00      2.24     0.00     0.00   0.00   0.00    0.00   51.67   0.02     0.00     5.60  16.17   0.65

05/09/21 12:43:04
avg-cpu:  %user   %nice %system %iowait  %steal   %idle
          83.17    0.03   13.20    0.00    3.60    0.00

Device            r/s     w/s     rkB/s     wkB/s   rrqm/s   wrqm/s  %rrqm  %wrqm r_await w_await aqu-sz rareq-sz wareq-sz  svctm  %util
vda              0.00    0.18      0.00      1.06     0.00     0.02   0.00   8.33    0.00   78.55   0.01     0.00     5.77  30.82   0.57
vdb              0.02    0.27     10.60      2.23     0.00     0.02   0.00   5.88   23.00   42.25   0.01   636.00     8.34  22.76   0.65
vdc              0.00    0.00      0.00      0.00     0.00     0.00   0.00   0.00    0.00    0.00   0.00     0.00     0.00   0.00   0.00
dm-0             0.00    0.20      0.00      1.18     0.00     0.00   0.00   0.00    0.00   81.25   0.02     0.00     5.88  28.25   0.57
dm-1             0.00    0.00      0.00      0.00     0.00     0.00   0.00   0.00    0.00    0.00   0.00     0.00     0.00   0.00   0.00
dm-2             0.00    0.00      0.00      0.00     0.00     0.00   0.00   0.00    0.00    0.00   0.00     0.00     0.00   0.00   0.00
dm-3             0.02    0.28     10.60      2.52     0.00     0.00   0.00   0.00   23.00   41.82   0.01   636.00     8.88  21.50   0.65

05/09/21 12:44:04
avg-cpu:  %user   %nice %system %iowait  %steal   %idle
          83.23    0.02   13.19    0.00    3.56    0.00

Device            r/s     w/s     rkB/s     wkB/s   rrqm/s   wrqm/s  %rrqm  %wrqm r_await w_await aqu-sz rareq-sz wareq-sz  svctm  %util
vda              0.00    0.32      0.00      2.11     0.00     0.05   0.00  13.64    0.00   86.79   0.03     0.00     6.66  28.05   0.89
vdb              0.00    0.30      0.00      1.92     0.00     0.03   0.00  10.00    0.00   67.94   0.02     0.00     6.39  14.44   0.43
vdc              0.00    0.00      0.00      0.00     0.00     0.00   0.00   0.00    0.00    0.00   0.00     0.00     0.00   0.00   0.00
dm-0             0.00    0.37      0.00      2.27     0.00     0.00   0.00   0.00    0.00   93.64   0.03     0.00     6.18  24.23   0.89
dm-1             0.00    0.00      0.00      0.00     0.00     0.00   0.00   0.00    0.00    0.00   0.00     0.00     0.00   0.00   0.00
dm-2             0.00    0.00      0.00      0.00     0.00     0.00   0.00   0.00    0.00    0.00   0.00     0.00     0.00   0.00   0.00
dm-3             0.00    0.33      0.00      2.15     0.00     0.00   0.00   0.00    0.00   70.15   0.02     0.00     6.45  13.00   0.43

05/09/21 12:45:04
avg-cpu:  %user   %nice %system %iowait  %steal   %idle
          83.77    0.01   12.40    0.00    3.82    0.00

Device            r/s     w/s     rkB/s     wkB/s   rrqm/s   wrqm/s  %rrqm  %wrqm r_await w_await aqu-sz rareq-sz wareq-sz  svctm  %util
vda              0.00    0.27      0.00      1.68     0.00     0.02   0.00   5.88    0.00   66.88   0.02     0.00     6.28  44.38   1.18
vdb              0.00    0.13      0.00      0.62     0.00     0.00   0.00   0.00    0.00   84.12   0.01     0.00     4.69  51.12   0.68
vdc              0.00    0.00      0.00      0.00     0.00     0.00   0.00   0.00    0.00    0.00   0.00     0.00     0.00   0.00   0.00
dm-0             0.00    0.28      0.00      1.82     0.00     0.00   0.00   0.00    0.00   65.41   0.02     0.00     6.41  41.76   1.18
dm-1             0.00    0.00      0.00      0.00     0.00     0.00   0.00   0.00    0.00    0.00   0.00     0.00     0.00   0.00   0.00
dm-2             0.00    0.00      0.00      0.00     0.00     0.00   0.00   0.00    0.00    0.00   0.00     0.00     0.00   0.00   0.00
dm-3             0.00    0.13      0.00      0.92     0.00     0.00   0.00   0.00    0.00   84.00   0.01     0.00     6.88  51.12   0.68

05/09/21 12:46:04
avg-cpu:  %user   %nice %system %iowait  %steal   %idle
          82.67    0.03   13.75    0.00    3.54    0.01

Device            r/s     w/s     rkB/s     wkB/s   rrqm/s   wrqm/s  %rrqm  %wrqm r_await w_await aqu-sz rareq-sz wareq-sz  svctm  %util
vda              0.00    0.38      0.00      2.07     0.00     0.03   0.00   8.00    0.00   53.13   0.02     0.00     5.39  25.00   0.96
vdb              0.18    0.25    118.93      1.40     0.02     0.02   8.33   6.25   31.82   56.40   0.02   648.73     5.60  15.73   0.68
vdc              0.00    0.00      0.00      0.00     0.00     0.00   0.00   0.00    0.00    0.00   0.00     0.00     0.00   0.00   0.00
dm-0             0.00    0.42      0.00      2.26     0.00     0.00   0.00   0.00    0.00   54.36   0.02     0.00     5.42  22.96   0.96
dm-1             0.00    0.00      0.00      0.00     0.00     0.00   0.00   0.00    0.00    0.00   0.00     0.00     0.00   0.00   0.00
dm-2             0.00    0.00      0.00      0.00     0.00     0.00   0.00   0.00    0.00    0.00   0.00     0.00     0.00   0.00   0.00
dm-3             0.10    0.27    118.93      1.73     0.00     0.00   0.00   0.00   39.67   56.31   0.02  1189.33     6.47  18.50   0.68

05/09/21 12:47:04
avg-cpu:  %user   %nice %system %iowait  %steal   %idle
          82.87    0.01   13.27    0.00    3.79    0.06

Device            r/s     w/s     rkB/s     wkB/s   rrqm/s   wrqm/s  %rrqm  %wrqm r_await w_await aqu-sz rareq-sz wareq-sz  svctm  %util
vda              0.00    0.28      0.00      1.74     0.00     0.02   0.00   5.56    0.00   51.88   0.01     0.00     6.15  32.71   0.93
vdb              0.00    0.28      0.00      1.57     0.00     0.00   0.00   0.00    0.00   63.94   0.02     0.00     5.53  25.41   0.72
vdc              0.00    0.00      0.00      0.00     0.00     0.00   0.00   0.00    0.00    0.00   0.00     0.00     0.00   0.00   0.00
dm-0             0.00    0.30      0.00      1.88     0.00     0.00   0.00   0.00    0.00   51.83   0.02     0.00     6.28  30.89   0.93
dm-1             0.00    0.00      0.00      0.00     0.00     0.00   0.00   0.00    0.00    0.00   0.00     0.00     0.00   0.00   0.00
dm-2             0.00    0.00      0.00      0.00     0.00     0.00   0.00   0.00    0.00    0.00   0.00     0.00     0.00   0.00   0.00
dm-3             0.00    0.28      0.00      2.07     0.00     0.00   0.00   0.00    0.00   63.65   0.02     0.00     7.29  25.41   0.72

05/09/21 12:48:04
avg-cpu:  %user   %nice %system %iowait  %steal   %idle
          83.57    0.02   12.83    0.00    3.58    0.01

Device            r/s     w/s     rkB/s     wkB/s   rrqm/s   wrqm/s  %rrqm  %wrqm r_await w_await aqu-sz rareq-sz wareq-sz  svctm  %util
vda              0.00    0.15      0.00      0.98     0.00     0.03   0.00  18.18    0.00   57.44   0.01     0.00     6.56  36.78   0.55
vdb              0.00    0.23      0.00      1.81     0.00     0.00   0.00   0.00    0.00   54.29   0.01     0.00     7.75  20.50   0.48
vdc              0.00    0.00      0.00      0.00     0.00     0.00   0.00   0.00    0.00    0.00   0.00     0.00     0.00   0.00   0.00
dm-0             0.00    0.18      0.00      1.09     0.00     0.00   0.00   0.00    0.00   59.09   0.01     0.00     5.95  30.09   0.55
dm-1             0.00    0.00      0.00      0.00     0.00     0.00   0.00   0.00    0.00    0.00   0.00     0.00     0.00   0.00   0.00
dm-2             0.00    0.00      0.00      0.00     0.00     0.00   0.00   0.00    0.00    0.00   0.00     0.00     0.00   0.00   0.00
dm-3             0.00    0.23      0.00      2.22     0.00     0.00   0.00   0.00    0.00   54.29   0.01     0.00     9.50  20.57   0.48

05/09/21 12:49:04
avg-cpu:  %user   %nice %system %iowait  %steal   %idle
          82.73    0.02   13.53    0.00    3.73    0.00

Device            r/s     w/s     rkB/s     wkB/s   rrqm/s   wrqm/s  %rrqm  %wrqm r_await w_await aqu-sz rareq-sz wareq-sz  svctm  %util
vda              0.00    0.13      0.00      0.47     0.00     0.02   0.00  11.11    0.00   56.25   0.01     0.00     3.50  37.00   0.49
vdb              0.00    0.27      0.00      1.61     0.00     0.03   0.00  11.11    0.00   76.06   0.02     0.00     6.03  23.69   0.63
vdc              0.00    0.00      0.00      0.00     0.00     0.00   0.00   0.00    0.00    0.00   0.00     0.00     0.00   0.00   0.00
dm-0             0.00    0.15      0.00      0.60     0.00     0.00   0.00   0.00    0.00   58.22   0.01     0.00     4.00  32.89   0.49
dm-1             0.00    0.00      0.00      0.00     0.00     0.00   0.00   0.00    0.00    0.00   0.00     0.00     0.00   0.00   0.00
dm-2             0.00    0.00      0.00      0.00     0.00     0.00   0.00   0.00    0.00    0.00   0.00     0.00     0.00   0.00   0.00
dm-3             0.00    0.30      0.00      1.93     0.00     0.00   0.00   0.00    0.00   78.61   0.02     0.00     6.44  21.06   0.63

05/09/21 12:50:04
avg-cpu:  %user   %nice %system %iowait  %steal   %idle
          82.37    0.03   13.73    0.00    3.88    0.00

Device            r/s     w/s     rkB/s     wkB/s   rrqm/s   wrqm/s  %rrqm  %wrqm r_await w_await aqu-sz rareq-sz wareq-sz  svctm  %util
vda              0.00    0.17      0.00      0.66     0.00     0.02   0.00   9.09    0.00  123.10   0.02     0.00     3.95  64.70   1.08
vdb              0.00    0.13      0.00      0.61     0.00     0.02   0.00  11.11    0.00   49.25   0.01     0.00     4.56  34.75   0.46
vdc              0.00    0.00      0.00      0.00     0.00     0.00   0.00   0.00    0.00    0.00   0.00     0.00     0.00   0.00   0.00
dm-0             0.00    0.18      0.00      0.78     0.00     0.00   0.00   0.00    0.00  132.27   0.02     0.00     4.23  58.82   1.08
dm-1             0.00    0.00      0.00      0.00     0.00     0.00   0.00   0.00    0.00    0.00   0.00     0.00     0.00   0.00   0.00
dm-2             0.00    0.00      0.00      0.00     0.00     0.00   0.00   0.00    0.00    0.00   0.00     0.00     0.00   0.00   0.00
dm-3             0.00    0.15      0.00      0.94     0.00     0.00   0.00   0.00    0.00   50.22   0.01     0.00     6.28  30.89   0.46

05/09/21 12:51:04
avg-cpu:  %user   %nice %system %iowait  %steal   %idle
          82.67    0.02   13.64    0.00    3.67    0.00

Device            r/s     w/s     rkB/s     wkB/s   rrqm/s   wrqm/s  %rrqm  %wrqm r_await w_await aqu-sz rareq-sz wareq-sz  svctm  %util
vda              0.00    0.17      0.00      0.81     0.00     0.00   0.00   0.00    0.00   48.20   0.01     0.00     4.85  24.40   0.41
vdb              0.00    0.20      0.00      1.40     0.00     0.00   0.00   0.00    0.00   47.33   0.01     0.00     7.00  22.33   0.45
vdc              0.00    0.00      0.00      0.00     0.00     0.00   0.00   0.00    0.00    0.00   0.00     0.00     0.00   0.00   0.00
dm-0             0.00    0.17      0.00      0.95     0.00     0.00   0.00   0.00    0.00   47.90   0.01     0.00     5.70  24.40   0.41
dm-1             0.00    0.00      0.00      0.00     0.00     0.00   0.00   0.00    0.00    0.00   0.00     0.00     0.00   0.00   0.00
dm-2             0.00    0.00      0.00      0.00     0.00     0.00   0.00   0.00    0.00    0.00   0.00     0.00     0.00   0.00   0.00
dm-3             0.00    0.20      0.00      1.80     0.00     0.00   0.00   0.00    0.00   47.08   0.01     0.00     9.00  22.33   0.45

